3.619503000000000156e+03 6.474500000000000000e+04
3.603958999999999833e+03 6.466000000000000000e+04
3.588547000000000025e+03 6.465800000000000000e+04
3.573266000000000076e+03 6.472900000000000000e+04
3.558114999999999782e+03 6.471000000000000000e+04
3.543090999999999894e+03 6.472400000000000000e+04
3.528195000000000164e+03 6.468700000000000000e+04
3.513422000000000025e+03 6.465200000000000000e+04
3.498773000000000138e+03 6.470800000000000000e+04
3.484246000000000095e+03 6.463500000000000000e+04
3.469838999999999942e+03 6.471100000000000000e+04
3.455550000000000182e+03 6.472900000000000000e+04
3.441378999999999905e+03 6.470800000000000000e+04
3.427322999999999865e+03 6.467400000000000000e+04
3.413382000000000062e+03 6.471900000000000000e+04
3.399554000000000087e+03 6.469600000000000000e+04
3.385836999999999989e+03 6.475900000000000000e+04
3.372231000000000222e+03 6.471400000000000000e+04
3.358733000000000175e+03 6.473400000000000000e+04
3.345342999999999847e+03 6.471200000000000000e+04
3.332059999999999945e+03 6.475200000000000000e+04
3.318880999999999858e+03 6.471500000000000000e+04
3.305806999999999789e+03 6.469800000000000000e+04
3.292835000000000036e+03 6.465100000000000000e+04
3.279963999999999942e+03 6.476100000000000000e+04
3.267193999999999960e+03 6.478400000000000000e+04
3.254521999999999935e+03 6.463900000000000000e+04
3.241949000000000069e+03 6.475700000000000000e+04
3.229472000000000207e+03 6.474700000000000000e+04
3.217090999999999894e+03 6.476400000000000000e+04
3.204804999999999836e+03 6.466200000000000000e+04
3.192612000000000080e+03 6.466800000000000000e+04
3.180510999999999967e+03 6.469100000000000000e+04
3.168501999999999953e+03 6.462200000000000000e+04
3.156583000000000084e+03 6.470400000000000000e+04
3.144753999999999905e+03 6.467900000000000000e+04
3.133012999999999920e+03 6.471700000000000000e+04
3.121358999999999924e+03 6.467200000000000000e+04
3.109791999999999916e+03 6.462700000000000000e+04
3.098309999999999945e+03 6.466300000000000000e+04
3.086911999999999807e+03 6.477100000000000000e+04
3.075597999999999956e+03 6.469700000000000000e+04
3.064367000000000189e+03 6.473900000000000000e+04
3.053217000000000098e+03 6.469400000000000000e+04
3.042148999999999887e+03 6.476500000000000000e+04
3.031159999999999854e+03 6.467800000000000000e+04
3.020250000000000000e+03 6.470600000000000000e+04
3.009418999999999869e+03 6.486600000000000000e+04
2.998664999999999964e+03 6.465200000000000000e+04
2.987987000000000080e+03 6.469800000000000000e+04
2.977385000000000218e+03 6.472900000000000000e+04
2.966858999999999924e+03 6.476300000000000000e+04
2.956405999999999949e+03 6.473000000000000000e+04
2.946027000000000044e+03 6.468800000000000000e+04
2.935721000000000004e+03 6.475300000000000000e+04
2.925485999999999876e+03 6.471900000000000000e+04
2.915322000000000116e+03 6.479400000000000000e+04
2.905228999999999814e+03 6.477600000000000000e+04
2.895206000000000131e+03 6.467100000000000000e+04
2.885251000000000204e+03 6.476700000000000000e+04
2.875364999999999782e+03 6.484000000000000000e+04
2.865545999999999822e+03 6.468500000000000000e+04
2.855793999999999869e+03 6.472000000000000000e+04
2.846108000000000175e+03 6.481400000000000000e+04
2.836487000000000080e+03 6.475700000000000000e+04
2.826931999999999789e+03 6.472600000000000000e+04
2.817440000000000055e+03 6.476700000000000000e+04
2.808012999999999920e+03 6.471900000000000000e+04
2.798648000000000138e+03 6.475200000000000000e+04
2.789344999999999800e+03 6.470200000000000000e+04
2.780103999999999814e+03 6.465300000000000000e+04
2.770923999999999978e+03 6.479600000000000000e+04
2.761804000000000087e+03 6.481900000000000000e+04
2.752744000000000142e+03 6.471700000000000000e+04
2.743744000000000142e+03 6.483900000000000000e+04
2.734802000000000135e+03 6.477000000000000000e+04
2.725918000000000120e+03 6.476200000000000000e+04
2.717092000000000098e+03 6.471400000000000000e+04
2.708322000000000116e+03 6.479900000000000000e+04
2.699608999999999924e+03 6.477100000000000000e+04
2.690952000000000226e+03 6.476900000000000000e+04
2.682351000000000113e+03 6.479800000000000000e+04
2.673804000000000087e+03 6.483600000000000000e+04
2.665311000000000149e+03 6.491600000000000000e+04
2.656873000000000047e+03 6.479600000000000000e+04
2.648487000000000080e+03 6.476700000000000000e+04
2.640153999999999996e+03 6.479700000000000000e+04
2.631873999999999796e+03 6.475100000000000000e+04
2.623644999999999982e+03 6.472100000000000000e+04
2.615467999999999847e+03 6.486800000000000000e+04
2.607340999999999894e+03 6.492700000000000000e+04
2.599264999999999873e+03 6.479400000000000000e+04
2.591239000000000033e+03 6.477400000000000000e+04
2.583262000000000171e+03 6.491300000000000000e+04
2.575333999999999833e+03 6.466100000000000000e+04
2.567454000000000178e+03 6.478900000000000000e+04
2.559623000000000047e+03 6.477200000000000000e+04
2.551838999999999942e+03 6.476500000000000000e+04
2.544101999999999862e+03 6.481600000000000000e+04
2.536413000000000011e+03 6.480000000000000000e+04
2.528768999999999778e+03 6.480100000000000000e+04
2.521172000000000025e+03 6.473300000000000000e+04
2.513619999999999891e+03 6.469400000000000000e+04
2.506112999999999829e+03 6.481700000000000000e+04
2.498650999999999840e+03 6.489400000000000000e+04
2.491233000000000175e+03 6.475000000000000000e+04
2.483858999999999924e+03 6.474300000000000000e+04
2.476527999999999793e+03 6.486400000000000000e+04
2.469240999999999985e+03 6.492300000000000000e+04
2.461996000000000095e+03 6.477300000000000000e+04
2.454793999999999869e+03 6.482900000000000000e+04
2.447634000000000015e+03 6.480300000000000000e+04
2.440514999999999873e+03 6.477100000000000000e+04
2.433438000000000102e+03 6.476500000000000000e+04
2.426402000000000044e+03 6.479000000000000000e+04
2.419405999999999949e+03 6.478500000000000000e+04
2.412451000000000022e+03 6.485000000000000000e+04
2.405534999999999854e+03 6.502300000000000000e+04
2.398659000000000106e+03 6.498000000000000000e+04
2.391822000000000116e+03 6.477400000000000000e+04
2.385023999999999887e+03 6.484200000000000000e+04
2.378264999999999873e+03 6.489400000000000000e+04
2.371543000000000120e+03 6.487500000000000000e+04
2.364860000000000127e+03 6.482900000000000000e+04
2.358213999999999942e+03 6.481100000000000000e+04
2.351606000000000222e+03 6.480600000000000000e+04
2.345034000000000106e+03 6.480700000000000000e+04
2.338498999999999796e+03 6.482700000000000000e+04
2.332000000000000000e+03 6.496000000000000000e+04
2.325538000000000011e+03 6.486100000000000000e+04
2.319110999999999876e+03 6.480500000000000000e+04
2.312719000000000051e+03 6.485100000000000000e+04
2.306362999999999829e+03 6.488400000000000000e+04
2.300041000000000167e+03 6.485700000000000000e+04
2.293753999999999905e+03 6.483100000000000000e+04
2.287501000000000204e+03 6.487000000000000000e+04
2.281282999999999902e+03 6.484900000000000000e+04
2.275097999999999956e+03 6.484100000000000000e+04
2.268945999999999913e+03 6.491600000000000000e+04
2.262827999999999975e+03 6.485500000000000000e+04
2.256742000000000189e+03 6.484000000000000000e+04
2.250688999999999851e+03 6.495700000000000000e+04
2.244668999999999869e+03 6.488200000000000000e+04
2.238681000000000040e+03 6.488700000000000000e+04
2.232724000000000160e+03 6.488500000000000000e+04
2.226798999999999978e+03 6.481300000000000000e+04
2.220905999999999949e+03 6.488900000000000000e+04
2.215043000000000120e+03 6.495100000000000000e+04
2.209211999999999989e+03 6.491100000000000000e+04
2.203411000000000058e+03 6.491300000000000000e+04
2.197641000000000076e+03 6.486800000000000000e+04
2.191900000000000091e+03 6.487900000000000000e+04
2.186190000000000055e+03 6.497400000000000000e+04
2.180509000000000015e+03 6.498800000000000000e+04
2.174858000000000175e+03 6.486700000000000000e+04
2.169235999999999876e+03 6.490700000000000000e+04
2.163643000000000029e+03 6.492200000000000000e+04
2.158077999999999975e+03 6.503500000000000000e+04
2.152541999999999916e+03 6.499300000000000000e+04
2.147034999999999854e+03 6.489300000000000000e+04
2.141556000000000040e+03 6.483700000000000000e+04
2.136103999999999814e+03 6.490800000000000000e+04
2.130679999999999836e+03 6.484300000000000000e+04
2.125284000000000106e+03 6.495000000000000000e+04
2.119914999999999964e+03 6.491600000000000000e+04
2.114572999999999865e+03 6.484200000000000000e+04
2.109257999999999811e+03 6.490900000000000000e+04
2.103969000000000051e+03 6.492500000000000000e+04
2.098706999999999880e+03 6.493500000000000000e+04
2.093472000000000207e+03 6.490200000000000000e+04
2.088262000000000171e+03 6.489300000000000000e+04
2.083077999999999975e+03 6.494900000000000000e+04
2.077920000000000073e+03 6.489600000000000000e+04
2.072786999999999807e+03 6.489000000000000000e+04
2.067679999999999836e+03 6.486800000000000000e+04
2.062597999999999956e+03 6.500300000000000000e+04
2.057539999999999964e+03 6.497100000000000000e+04
2.052507999999999811e+03 6.488400000000000000e+04
2.047500000000000000e+03 6.488800000000000000e+04
2.042516000000000076e+03 6.495200000000000000e+04
2.037556000000000040e+03 6.494800000000000000e+04
2.032621000000000095e+03 6.500300000000000000e+04
2.027709000000000060e+03 6.492900000000000000e+04
2.022820999999999913e+03 6.485500000000000000e+04
2.017957000000000107e+03 6.493600000000000000e+04
2.013115999999999985e+03 6.499600000000000000e+04
2.008298000000000002e+03 6.493300000000000000e+04
2.003502999999999929e+03 6.490000000000000000e+04
1.998730999999999995e+03 6.490200000000000000e+04
1.993981999999999971e+03 6.496000000000000000e+04
1.989255000000000109e+03 6.487900000000000000e+04
1.984549999999999955e+03 6.494900000000000000e+04
1.979867999999999938e+03 6.494600000000000000e+04
1.975208000000000084e+03 6.489100000000000000e+04
1.970568999999999960e+03 6.551300000000000000e+04
1.965952999999999975e+03 6.499900000000000000e+04
1.961357999999999947e+03 6.498200000000000000e+04
1.956784000000000106e+03 6.491900000000000000e+04
1.952231999999999971e+03 6.508500000000000000e+04
1.947701000000000022e+03 6.493600000000000000e+04
1.943190000000000055e+03 6.494800000000000000e+04
1.938701000000000022e+03 6.503100000000000000e+04
1.934231999999999971e+03 6.498100000000000000e+04
1.929784000000000106e+03 6.492900000000000000e+04
1.925355999999999995e+03 6.495200000000000000e+04
1.920949000000000069e+03 6.500900000000000000e+04
1.916561999999999898e+03 6.502500000000000000e+04
1.912193999999999960e+03 6.492500000000000000e+04
1.907846999999999980e+03 6.501200000000000000e+04
1.903519000000000005e+03 6.499000000000000000e+04
1.899211000000000013e+03 6.509800000000000000e+04
1.894922000000000025e+03 6.498700000000000000e+04
1.890653000000000020e+03 6.508100000000000000e+04
1.886403000000000020e+03 6.492700000000000000e+04
1.882172000000000025e+03 6.505000000000000000e+04
1.877959000000000060e+03 6.506800000000000000e+04
1.873766000000000076e+03 6.518500000000000000e+04
1.869590999999999894e+03 6.511300000000000000e+04
1.865434999999999945e+03 6.502800000000000000e+04
1.861298000000000002e+03 6.504800000000000000e+04
1.857178000000000111e+03 6.509000000000000000e+04
1.853076999999999998e+03 6.501400000000000000e+04
1.848993999999999915e+03 6.509200000000000000e+04
1.844929000000000087e+03 6.503600000000000000e+04
1.840882000000000062e+03 6.503000000000000000e+04
1.836852000000000089e+03 6.515500000000000000e+04
1.832839999999999918e+03 6.502800000000000000e+04
1.828845000000000027e+03 6.505500000000000000e+04
1.824867999999999938e+03 6.503000000000000000e+04
1.820907999999999902e+03 6.504200000000000000e+04
1.816965999999999894e+03 6.508600000000000000e+04
1.813039999999999964e+03 6.504700000000000000e+04
1.809131000000000085e+03 6.507500000000000000e+04
1.805239000000000033e+03 6.509400000000000000e+04
1.801364000000000033e+03 6.508400000000000000e+04
1.797506000000000085e+03 6.508100000000000000e+04
1.793663000000000011e+03 6.510900000000000000e+04
1.789837999999999965e+03 6.520600000000000000e+04
1.786028000000000020e+03 6.506200000000000000e+04
1.782234999999999900e+03 6.511900000000000000e+04
1.778458000000000084e+03 6.511600000000000000e+04
1.774696999999999889e+03 6.509100000000000000e+04
1.770951000000000022e+03 6.508100000000000000e+04
1.767221999999999980e+03 6.505000000000000000e+04
1.763508000000000038e+03 6.510200000000000000e+04
1.759808999999999969e+03 6.529700000000000000e+04
1.756126999999999953e+03 6.516500000000000000e+04
1.752459000000000060e+03 6.503700000000000000e+04
1.748807000000000016e+03 6.518200000000000000e+04
1.745170000000000073e+03 6.510300000000000000e+04
1.741548000000000002e+03 6.509100000000000000e+04
1.737941000000000031e+03 6.518500000000000000e+04
1.734348999999999933e+03 6.510100000000000000e+04
1.730771999999999935e+03 6.516900000000000000e+04
1.727210000000000036e+03 6.516600000000000000e+04
1.723662000000000035e+03 6.525400000000000000e+04
1.720128999999999905e+03 6.526600000000000000e+04
1.716609999999999900e+03 6.516900000000000000e+04
1.713105000000000018e+03 6.526100000000000000e+04
1.709615000000000009e+03 6.521600000000000000e+04
1.706138999999999896e+03 6.522400000000000000e+04
1.702676999999999907e+03 6.523600000000000000e+04
1.699230000000000018e+03 6.516200000000000000e+04
1.695796000000000049e+03 6.521600000000000000e+04
1.692375999999999976e+03 6.530000000000000000e+04
1.688969000000000051e+03 6.533300000000000000e+04
1.685576999999999998e+03 6.531000000000000000e+04
1.682198000000000093e+03 6.532500000000000000e+04
1.678832000000000107e+03 6.533000000000000000e+04
1.675480000000000018e+03 6.534400000000000000e+04
1.672142000000000053e+03 6.534500000000000000e+04
1.668816000000000031e+03 6.537200000000000000e+04
1.665503999999999905e+03 6.546500000000000000e+04
1.662204999999999927e+03 6.538500000000000000e+04
1.658919000000000096e+03 6.546800000000000000e+04
1.655645999999999958e+03 6.541700000000000000e+04
1.652385999999999967e+03 6.545800000000000000e+04
1.649137999999999920e+03 6.550000000000000000e+04
1.645903999999999996e+03 6.547600000000000000e+04
1.642682000000000016e+03 6.551500000000000000e+04
1.639472999999999956e+03 6.548600000000000000e+04
1.636276000000000067e+03 6.562500000000000000e+04
1.633090999999999894e+03 6.557600000000000000e+04
1.629919000000000096e+03 6.570500000000000000e+04
1.626759999999999991e+03 6.563100000000000000e+04
1.623612000000000080e+03 6.565900000000000000e+04
1.620477000000000089e+03 6.575100000000000000e+04
1.617353000000000065e+03 6.569100000000000000e+04
1.614241999999999962e+03 6.586000000000000000e+04
1.611143000000000029e+03 6.569900000000000000e+04
1.608055000000000064e+03 6.579400000000000000e+04
1.604980000000000018e+03 6.585500000000000000e+04
1.601915999999999940e+03 6.591000000000000000e+04
1.598864000000000033e+03 6.593700000000000000e+04
1.595823000000000093e+03 6.597400000000000000e+04
1.592794000000000096e+03 6.601800000000000000e+04
1.589777000000000044e+03 6.612400000000000000e+04
1.586769999999999982e+03 6.616800000000000000e+04
1.583776000000000067e+03 6.616600000000000000e+04
1.580791999999999916e+03 6.631100000000000000e+04
1.577819999999999936e+03 6.641000000000000000e+04
1.574858999999999924e+03 6.644900000000000000e+04
1.571909000000000106e+03 6.666300000000000000e+04
1.568970000000000027e+03 6.678200000000000000e+04
1.566041999999999916e+03 6.686300000000000000e+04
1.563124000000000024e+03 6.700400000000000000e+04
1.560218000000000075e+03 6.730900000000000000e+04
1.557323000000000093e+03 6.722600000000000000e+04
1.554438000000000102e+03 6.733800000000000000e+04
1.551564000000000078e+03 6.751200000000000000e+04
1.548700000000000045e+03 6.754400000000000000e+04
1.545846999999999980e+03 6.759200000000000000e+04
1.543005000000000109e+03 6.758600000000000000e+04
1.540173000000000002e+03 6.753800000000000000e+04
1.537351000000000113e+03 6.762000000000000000e+04
1.534539999999999964e+03 6.761800000000000000e+04
1.531739000000000033e+03 6.755500000000000000e+04
1.528948000000000093e+03 6.783200000000000000e+04
1.526166999999999916e+03 6.775900000000000000e+04
1.523396999999999935e+03 6.790800000000000000e+04
1.520635999999999967e+03 6.808500000000000000e+04
1.517884999999999991e+03 6.828300000000000000e+04
1.515144999999999982e+03 6.861900000000000000e+04
1.512413999999999987e+03 6.907700000000000000e+04
1.509692999999999984e+03 6.935500000000000000e+04
1.506981999999999971e+03 6.976300000000000000e+04
1.504279999999999973e+03 7.012000000000000000e+04
1.501588999999999942e+03 7.046400000000000000e+04
1.498905999999999949e+03 7.073000000000000000e+04
1.496233999999999924e+03 7.081300000000000000e+04
1.493570999999999913e+03 7.080600000000000000e+04
1.490916999999999916e+03 7.079300000000000000e+04
1.488272999999999911e+03 7.043900000000000000e+04
1.485637999999999920e+03 7.027000000000000000e+04
1.483011999999999944e+03 6.985500000000000000e+04
1.480395999999999958e+03 6.961800000000000000e+04
1.477788999999999987e+03 6.926100000000000000e+04
1.475191000000000031e+03 6.893700000000000000e+04
1.472602000000000089e+03 6.861500000000000000e+04
1.470022999999999911e+03 6.837500000000000000e+04
1.467451999999999998e+03 6.807900000000000000e+04
1.464890000000000100e+03 6.789600000000000000e+04
1.462337999999999965e+03 6.768400000000000000e+04
1.459794000000000096e+03 6.763700000000000000e+04
1.457259000000000015e+03 6.746700000000000000e+04
1.454731999999999971e+03 6.730100000000000000e+04
1.452214999999999918e+03 6.721800000000000000e+04
1.449705999999999904e+03 6.720200000000000000e+04
1.447205999999999904e+03 6.711000000000000000e+04
1.444713999999999942e+03 6.704200000000000000e+04
1.442230999999999995e+03 6.695800000000000000e+04
1.439757000000000062e+03 6.694600000000000000e+04
1.437290999999999940e+03 6.679300000000000000e+04
1.434833000000000084e+03 6.678900000000000000e+04
1.432384000000000015e+03 6.677600000000000000e+04
1.429942999999999984e+03 6.667400000000000000e+04
1.427510999999999967e+03 6.659800000000000000e+04
1.425086000000000013e+03 6.658100000000000000e+04
1.422670000000000073e+03 6.656500000000000000e+04
1.420261999999999944e+03 6.659400000000000000e+04
1.417863000000000056e+03 6.648200000000000000e+04
1.415471000000000004e+03 6.643300000000000000e+04
1.413086999999999989e+03 6.646900000000000000e+04
1.410711999999999989e+03 6.646800000000000000e+04
1.408344000000000051e+03 6.640400000000000000e+04
1.405984999999999900e+03 6.636500000000000000e+04
1.403633000000000038e+03 6.625400000000000000e+04
1.401288999999999987e+03 6.626300000000000000e+04
1.398952999999999975e+03 6.629800000000000000e+04
1.396625000000000000e+03 6.620300000000000000e+04
1.394304000000000087e+03 6.621000000000000000e+04
1.391990999999999985e+03 6.623500000000000000e+04
1.389685999999999922e+03 6.612600000000000000e+04
1.387387999999999920e+03 6.616200000000000000e+04
1.385097999999999956e+03 6.615500000000000000e+04
1.382816000000000031e+03 6.623100000000000000e+04
1.380540999999999940e+03 6.622700000000000000e+04
1.378272999999999911e+03 6.611700000000000000e+04
1.376012999999999920e+03 6.617000000000000000e+04
1.373760999999999967e+03 6.607000000000000000e+04
1.371515000000000100e+03 6.644900000000000000e+04
1.369277000000000044e+03 6.606000000000000000e+04
1.367047000000000025e+03 6.604500000000000000e+04
1.364823000000000093e+03 6.608600000000000000e+04
1.362606999999999971e+03 6.594000000000000000e+04
1.360397999999999911e+03 6.617700000000000000e+04
1.358195999999999913e+03 6.586200000000000000e+04
1.356000999999999976e+03 6.584100000000000000e+04
1.353814000000000078e+03 6.590300000000000000e+04
1.351633000000000038e+03 6.585700000000000000e+04
1.349460000000000036e+03 6.583500000000000000e+04
1.347292999999999893e+03 6.584300000000000000e+04
1.345133000000000038e+03 6.575100000000000000e+04
1.342980000000000018e+03 6.584700000000000000e+04
1.340835000000000036e+03 6.575200000000000000e+04
1.338695999999999913e+03 6.574800000000000000e+04
1.336563000000000102e+03 6.589100000000000000e+04
1.334438000000000102e+03 6.589700000000000000e+04
1.332318999999999960e+03 6.576800000000000000e+04
1.330207000000000107e+03 6.578700000000000000e+04
1.328102000000000089e+03 6.580200000000000000e+04
1.326002999999999929e+03 6.571300000000000000e+04
1.323911000000000058e+03 6.579500000000000000e+04
1.321826000000000022e+03 6.574700000000000000e+04
1.319747000000000071e+03 6.574900000000000000e+04
1.317674999999999955e+03 6.576500000000000000e+04
1.315608999999999924e+03 6.575600000000000000e+04
1.313548999999999978e+03 6.581700000000000000e+04
1.311497000000000071e+03 6.575600000000000000e+04
1.309450000000000045e+03 6.584500000000000000e+04
1.307410000000000082e+03 6.580200000000000000e+04
1.305375999999999976e+03 6.576000000000000000e+04
1.303348999999999933e+03 6.574600000000000000e+04
1.301326999999999998e+03 6.583700000000000000e+04
1.299311999999999898e+03 6.581500000000000000e+04
1.297304000000000087e+03 6.576200000000000000e+04
1.295300999999999931e+03 6.574200000000000000e+04
1.293305000000000064e+03 6.586500000000000000e+04
1.291315000000000055e+03 6.574300000000000000e+04
1.289330999999999904e+03 6.586600000000000000e+04
1.287353000000000065e+03 6.585800000000000000e+04
1.285381000000000085e+03 6.596600000000000000e+04
1.283414999999999964e+03 6.594600000000000000e+04
1.281454999999999927e+03 6.580700000000000000e+04
1.279500999999999976e+03 6.591600000000000000e+04
1.277553000000000111e+03 6.588100000000000000e+04
1.275611000000000104e+03 6.594700000000000000e+04
1.273674999999999955e+03 6.598100000000000000e+04
1.271744999999999891e+03 6.607500000000000000e+04
1.269819999999999936e+03 6.605700000000000000e+04
1.267902000000000044e+03 6.596200000000000000e+04
1.265989000000000033e+03 6.609800000000000000e+04
1.264082000000000107e+03 6.617200000000000000e+04
1.262180000000000064e+03 6.611300000000000000e+04
1.260285000000000082e+03 6.624300000000000000e+04
1.258394999999999982e+03 6.622500000000000000e+04
1.256510999999999967e+03 6.638200000000000000e+04
1.254632000000000062e+03 6.647000000000000000e+04
1.252759000000000015e+03 6.650100000000000000e+04
1.250891000000000076e+03 6.665900000000000000e+04
1.249029999999999973e+03 6.680300000000000000e+04
1.247173000000000002e+03 6.697400000000000000e+04
1.245321999999999889e+03 6.716300000000000000e+04
1.243477000000000089e+03 6.726900000000000000e+04
1.241636999999999944e+03 6.740800000000000000e+04
1.239803000000000111e+03 6.746900000000000000e+04
1.237973999999999933e+03 6.757600000000000000e+04
1.236150000000000091e+03 6.760600000000000000e+04
1.234332000000000107e+03 6.754400000000000000e+04
1.232519000000000005e+03 6.725700000000000000e+04
1.230711000000000013e+03 6.714500000000000000e+04
1.228909000000000106e+03 6.712000000000000000e+04
1.227112000000000080e+03 6.698300000000000000e+04
1.225319999999999936e+03 6.677000000000000000e+04
1.223532999999999902e+03 6.663300000000000000e+04
1.221751999999999953e+03 6.654300000000000000e+04
1.219976000000000113e+03 6.636500000000000000e+04
1.218204999999999927e+03 6.635300000000000000e+04
1.216439000000000078e+03 6.633100000000000000e+04
1.214678000000000111e+03 6.625400000000000000e+04
1.212922000000000025e+03 6.619500000000000000e+04
1.211171000000000049e+03 6.614300000000000000e+04
1.209425999999999931e+03 6.610700000000000000e+04
1.207684999999999945e+03 6.610500000000000000e+04
1.205950000000000045e+03 6.611500000000000000e+04
1.204219000000000051e+03 6.599400000000000000e+04
1.202492999999999938e+03 6.595000000000000000e+04
1.200772999999999911e+03 6.587100000000000000e+04
1.199057000000000016e+03 6.600600000000000000e+04
1.197346000000000004e+03 6.595600000000000000e+04
1.195640000000000100e+03 6.617800000000000000e+04
1.193939000000000078e+03 6.602500000000000000e+04
1.192242999999999938e+03 6.587600000000000000e+04
1.190550999999999931e+03 6.591400000000000000e+04
1.188864000000000033e+03 6.593900000000000000e+04
1.187182000000000016e+03 6.599900000000000000e+04
1.185505000000000109e+03 6.591100000000000000e+04
1.183833000000000084e+03 6.591700000000000000e+04
1.182164999999999964e+03 6.581200000000000000e+04
1.180501999999999953e+03 6.586100000000000000e+04
1.178844000000000051e+03 6.584400000000000000e+04
1.177190000000000055e+03 6.583800000000000000e+04
1.175540999999999940e+03 6.586000000000000000e+04
1.173895999999999958e+03 6.582000000000000000e+04
1.172256000000000085e+03 6.590300000000000000e+04
1.170621000000000095e+03 6.585100000000000000e+04
1.168990000000000009e+03 6.579800000000000000e+04
1.167364000000000033e+03 6.607100000000000000e+04
1.165742999999999938e+03 6.581200000000000000e+04
1.164125000000000000e+03 6.586100000000000000e+04
1.162512999999999920e+03 6.581600000000000000e+04
1.160903999999999996e+03 6.581400000000000000e+04
1.159300999999999931e+03 6.587800000000000000e+04
1.157701000000000022e+03 6.585200000000000000e+04
1.156105999999999995e+03 6.584700000000000000e+04
1.154516000000000076e+03 6.592800000000000000e+04
1.152929000000000087e+03 6.588800000000000000e+04
1.151346999999999980e+03 6.593300000000000000e+04
1.149769999999999982e+03 6.596800000000000000e+04
1.148196999999999889e+03 6.586500000000000000e+04
1.146627999999999929e+03 6.588200000000000000e+04
1.145063000000000102e+03 6.607500000000000000e+04
1.143502999999999929e+03 6.603200000000000000e+04
1.141946999999999889e+03 6.592000000000000000e+04
1.140394999999999982e+03 6.612500000000000000e+04
1.138846999999999980e+03 6.594200000000000000e+04
1.137304000000000087e+03 6.596600000000000000e+04
1.135763999999999896e+03 6.583400000000000000e+04
1.134229000000000042e+03 6.601800000000000000e+04
1.132698000000000093e+03 6.593700000000000000e+04
1.131171000000000049e+03 6.590400000000000000e+04
1.129648999999999887e+03 6.596500000000000000e+04
1.128130000000000109e+03 6.610400000000000000e+04
1.126615000000000009e+03 6.601300000000000000e+04
1.125105000000000018e+03 6.604900000000000000e+04
1.123597999999999956e+03 6.606800000000000000e+04
1.122096000000000004e+03 6.607800000000000000e+04
1.120596999999999980e+03 6.605400000000000000e+04
1.119103000000000065e+03 6.614800000000000000e+04
1.117612000000000080e+03 6.632200000000000000e+04
1.116125999999999976e+03 6.618200000000000000e+04
1.114643000000000029e+03 6.621600000000000000e+04
1.113164999999999964e+03 6.623100000000000000e+04
1.111690000000000055e+03 6.623300000000000000e+04
1.110219000000000051e+03 6.621200000000000000e+04
1.108751999999999953e+03 6.633600000000000000e+04
1.107288999999999987e+03 6.631600000000000000e+04
1.105829999999999927e+03 6.636400000000000000e+04
1.104375000000000000e+03 6.631600000000000000e+04
1.102923000000000002e+03 6.642700000000000000e+04
1.101476000000000113e+03 6.637100000000000000e+04
1.100031999999999925e+03 6.646200000000000000e+04
1.098592000000000098e+03 6.652300000000000000e+04
1.097154999999999973e+03 6.665300000000000000e+04
1.095722999999999956e+03 6.669300000000000000e+04
1.094294000000000096e+03 6.675300000000000000e+04
1.092868999999999915e+03 6.690000000000000000e+04
1.091446999999999889e+03 6.703400000000000000e+04
1.090028999999999996e+03 6.715500000000000000e+04
1.088615000000000009e+03 6.723600000000000000e+04
1.087204999999999927e+03 6.724600000000000000e+04
1.085798000000000002e+03 6.734400000000000000e+04
1.084394999999999982e+03 6.747600000000000000e+04
1.082994999999999891e+03 6.761800000000000000e+04
1.081599999999999909e+03 6.765000000000000000e+04
1.080207000000000107e+03 6.765800000000000000e+04
1.078818999999999960e+03 6.777100000000000000e+04
1.077432999999999993e+03 6.790800000000000000e+04
1.076051999999999907e+03 6.803200000000000000e+04
1.074673999999999978e+03 6.824500000000000000e+04
1.073298999999999978e+03 6.852000000000000000e+04
1.071928000000000111e+03 6.867700000000000000e+04
1.070560999999999922e+03 6.917800000000000000e+04
1.069196999999999889e+03 6.944700000000000000e+04
1.067836000000000013e+03 6.989800000000000000e+04
1.066479000000000042e+03 7.030900000000000000e+04
1.065125000000000000e+03 7.057400000000000000e+04
1.063775000000000091e+03 7.055100000000000000e+04
1.062428000000000111e+03 7.062800000000000000e+04
1.061085000000000036e+03 7.040100000000000000e+04
1.059744999999999891e+03 7.022000000000000000e+04
1.058407999999999902e+03 6.993900000000000000e+04
1.057075000000000045e+03 6.965200000000000000e+04
1.055744999999999891e+03 6.941600000000000000e+04
1.054417999999999893e+03 6.918300000000000000e+04
1.053095000000000027e+03 6.889500000000000000e+04
1.051775000000000091e+03 6.864500000000000000e+04
1.050458000000000084e+03 6.849800000000000000e+04
1.049144999999999982e+03 6.825900000000000000e+04
1.047835000000000036e+03 6.819500000000000000e+04
1.046528000000000020e+03 6.798400000000000000e+04
1.045224999999999909e+03 6.802700000000000000e+04
1.043923999999999978e+03 6.793800000000000000e+04
1.042626999999999953e+03 6.791400000000000000e+04
1.041334000000000060e+03 6.795900000000000000e+04
1.040042999999999893e+03 6.806600000000000000e+04
1.038755000000000109e+03 6.825100000000000000e+04
1.037471000000000004e+03 6.834000000000000000e+04
1.036190000000000055e+03 6.858500000000000000e+04
1.034912000000000035e+03 6.892100000000000000e+04
1.033636999999999944e+03 6.919100000000000000e+04
1.032365999999999985e+03 6.948000000000000000e+04
1.031096999999999980e+03 6.970200000000000000e+04
1.029832000000000107e+03 6.987900000000000000e+04
1.028569999999999936e+03 6.998400000000000000e+04
1.027309999999999945e+03 6.983800000000000000e+04
1.026054000000000087e+03 6.963600000000000000e+04
1.024800999999999931e+03 6.938000000000000000e+04
1.023551000000000045e+03 6.920000000000000000e+04
1.022303999999999974e+03 6.884800000000000000e+04
1.021059999999999945e+03 6.854500000000000000e+04
1.019818999999999960e+03 6.817600000000000000e+04
1.018581999999999994e+03 6.780000000000000000e+04
1.017346999999999980e+03 6.759100000000000000e+04
1.016115000000000009e+03 6.750700000000000000e+04
1.014885999999999967e+03 6.721000000000000000e+04
1.013659999999999968e+03 6.707600000000000000e+04
1.012437000000000012e+03 6.684600000000000000e+04
1.011216999999999985e+03 6.681900000000000000e+04
1.010000000000000000e+03 6.677800000000000000e+04
1.008785999999999945e+03 6.660500000000000000e+04
1.007573999999999955e+03 6.653100000000000000e+04
1.006365999999999985e+03 6.644300000000000000e+04
1.005160999999999945e+03 6.637800000000000000e+04
1.003957999999999970e+03 6.630400000000000000e+04
1.002758000000000038e+03 6.629300000000000000e+04
1.001561000000000035e+03 6.616400000000000000e+04
1.000366999999999962e+03 6.618700000000000000e+04
9.991760000000000446e+02 6.619300000000000000e+04
9.979880000000000564e+02 6.617000000000000000e+04
9.968029999999999973e+02 6.622400000000000000e+04
9.956200000000000045e+02 6.634400000000000000e+04
9.944400000000000546e+02 6.611100000000000000e+04
9.932630000000000337e+02 6.610700000000000000e+04
9.920890000000000555e+02 6.604300000000000000e+04
9.909170000000000300e+02 6.620100000000000000e+04
9.897480000000000473e+02 6.607200000000000000e+04
9.885819999999999936e+02 6.605000000000000000e+04
9.874189999999999827e+02 6.600700000000000000e+04
9.862590000000000146e+02 6.594700000000000000e+04
9.851009999999999991e+02 6.595200000000000000e+04
9.839460000000000264e+02 6.594900000000000000e+04
9.827930000000000064e+02 6.585900000000000000e+04
9.816440000000000055e+02 6.591000000000000000e+04
9.804969999999999573e+02 6.580200000000000000e+04
9.793519999999999754e+02 6.588600000000000000e+04
9.782110000000000127e+02 6.586000000000000000e+04
9.770720000000000027e+02 6.578500000000000000e+04
9.759349999999999454e+02 6.577600000000000000e+04
9.748020000000000209e+02 6.580100000000000000e+04
9.736710000000000491e+02 6.575800000000000000e+04
9.725420000000000300e+02 6.583400000000000000e+04
9.714160000000000537e+02 6.582900000000000000e+04
9.702930000000000064e+02 6.584700000000000000e+04
9.691720000000000255e+02 6.576500000000000000e+04
9.680539999999999736e+02 6.574300000000000000e+04
9.669389999999999645e+02 6.582800000000000000e+04
9.658260000000000218e+02 6.576200000000000000e+04
9.647160000000000082e+02 6.574000000000000000e+04
9.636079999999999472e+02 6.566600000000000000e+04
9.625030000000000427e+02 6.576300000000000000e+04
9.613999999999999773e+02 6.574100000000000000e+04
9.602999999999999545e+02 6.580800000000000000e+04
9.592019999999999982e+02 6.575100000000000000e+04
9.581069999999999709e+02 6.570600000000000000e+04
9.570140000000000100e+02 6.573200000000000000e+04
9.559239999999999782e+02 6.566200000000000000e+04
9.548360000000000127e+02 6.566800000000000000e+04
9.537509999999999764e+02 6.577000000000000000e+04
9.526680000000000064e+02 6.575000000000000000e+04
9.515879999999999654e+02 6.572700000000000000e+04
9.505099999999999909e+02 6.576600000000000000e+04
9.494349999999999454e+02 6.574800000000000000e+04
9.483619999999999663e+02 6.575200000000000000e+04
9.472910000000000537e+02 6.574600000000000000e+04
9.462229999999999563e+02 6.581700000000000000e+04
9.451570000000000391e+02 6.575700000000000000e+04
9.440940000000000509e+02 6.579000000000000000e+04
9.430330000000000155e+02 6.582900000000000000e+04
9.419740000000000464e+02 6.834200000000000000e+04
9.409180000000000064e+02 6.581700000000000000e+04
9.398640000000000327e+02 6.601200000000000000e+04
9.388129999999999882e+02 6.586800000000000000e+04
9.377640000000000100e+02 6.594500000000000000e+04
9.367169999999999845e+02 6.598200000000000000e+04
9.356720000000000255e+02 6.605800000000000000e+04
9.346299999999999955e+02 6.607800000000000000e+04
9.335900000000000318e+02 6.630200000000000000e+04
9.325529999999999973e+02 6.630800000000000000e+04
9.315180000000000291e+02 6.649600000000000000e+04
9.304850000000000136e+02 6.678500000000000000e+04
9.294539999999999509e+02 6.679300000000000000e+04
9.284260000000000446e+02 6.722700000000000000e+04
9.273999999999999773e+02 6.761900000000000000e+04
9.263759999999999764e+02 6.821200000000000000e+04
9.253540000000000418e+02 6.918600000000000000e+04
9.243350000000000364e+02 7.033600000000000000e+04
9.233179999999999836e+02 7.178000000000000000e+04
9.223029999999999973e+02 7.351800000000000000e+04
9.212910000000000537e+02 7.514100000000000000e+04
9.202799999999999727e+02 7.642100000000000000e+04
9.192720000000000482e+02 7.743800000000000000e+04
9.182659999999999627e+02 7.773400000000000000e+04
9.172619999999999436e+02 7.749400000000000000e+04
9.162609999999999673e+02 7.653100000000000000e+04
9.152609999999999673e+02 7.496800000000000000e+04
9.142640000000000100e+02 7.354600000000000000e+04
9.132690000000000055e+02 7.205700000000000000e+04
9.122759999999999536e+02 7.020700000000000000e+04
9.112859999999999445e+02 6.905500000000000000e+04
9.102970000000000255e+02 6.806900000000000000e+04
9.093110000000000355e+02 6.743700000000000000e+04
9.083260000000000218e+02 6.697100000000000000e+04
9.073440000000000509e+02 6.657300000000000000e+04
9.063640000000000327e+02 6.625700000000000000e+04
9.053859999999999673e+02 6.615700000000000000e+04
9.044109999999999445e+02 6.596900000000000000e+04
9.034370000000000118e+02 6.597400000000000000e+04
9.024650000000000318e+02 6.571400000000000000e+04
9.014959999999999809e+02 6.564300000000000000e+04
9.005280000000000200e+02 6.555100000000000000e+04
8.995629999999999882e+02 6.554400000000000000e+04
8.986000000000000227e+02 6.548400000000000000e+04
8.976380000000000337e+02 6.538300000000000000e+04
8.966789999999999736e+02 6.538600000000000000e+04
8.957219999999999800e+02 6.533900000000000000e+04
8.947670000000000528e+02 6.526600000000000000e+04
8.938139999999999645e+02 6.522900000000000000e+04
8.928630000000000564e+02 6.524500000000000000e+04
8.919139999999999873e+02 6.516100000000000000e+04
8.909669999999999845e+02 6.522900000000000000e+04
8.900220000000000482e+02 6.517700000000000000e+04
8.890789999999999509e+02 6.511600000000000000e+04
8.881380000000000337e+02 6.506200000000000000e+04
8.871989999999999554e+02 6.622300000000000000e+04
8.862619999999999436e+02 6.507700000000000000e+04
8.853269999999999982e+02 6.510500000000000000e+04
8.843940000000000055e+02 6.499000000000000000e+04
8.834629999999999654e+02 6.502900000000000000e+04
8.825339999999999918e+02 6.495700000000000000e+04
8.816069999999999709e+02 6.501300000000000000e+04
8.806810000000000400e+02 6.502900000000000000e+04
8.797580000000000382e+02 6.501700000000000000e+04
8.788369999999999891e+02 6.501100000000000000e+04
8.779170000000000300e+02 6.490000000000000000e+04
8.770000000000000000e+02 6.494000000000000000e+04
8.760839999999999463e+02 6.501000000000000000e+04
8.751699999999999591e+02 6.500900000000000000e+04
8.742590000000000146e+02 6.487900000000000000e+04
8.733490000000000464e+02 6.492300000000000000e+04
8.724410000000000309e+02 6.489200000000000000e+04
8.715349999999999682e+02 6.485200000000000000e+04
8.706299999999999955e+02 6.483700000000000000e+04
8.697279999999999518e+02 6.485100000000000000e+04
8.688279999999999745e+02 6.475100000000000000e+04
8.679289999999999736e+02 6.466100000000000000e+04
8.670320000000000391e+02 6.473400000000000000e+04
8.661369999999999436e+02 6.470500000000000000e+04
8.652440000000000282e+02 6.480700000000000000e+04
8.643529999999999518e+02 6.470700000000000000e+04
8.634640000000000555e+02 6.473500000000000000e+04
8.625760000000000218e+02 6.467200000000000000e+04
8.616900000000000546e+02 6.474300000000000000e+04
8.608060000000000400e+02 6.464900000000000000e+04
8.599239999999999782e+02 6.463400000000000000e+04
8.590439999999999827e+02 6.468800000000000000e+04
8.581649999999999636e+02 6.468100000000000000e+04
8.572889999999999873e+02 6.455000000000000000e+04
8.564139999999999873e+02 6.460900000000000000e+04
8.555410000000000537e+02 6.462700000000000000e+04
8.546689999999999827e+02 6.459200000000000000e+04
8.537999999999999545e+02 6.463100000000000000e+04
8.529320000000000164e+02 6.472800000000000000e+04
8.520660000000000309e+02 6.471300000000000000e+04
8.512010000000000218e+02 6.462700000000000000e+04
8.503390000000000555e+02 6.460000000000000000e+04
8.494779999999999518e+02 6.467700000000000000e+04
8.486190000000000282e+02 6.457200000000000000e+04
8.477619999999999436e+02 6.462300000000000000e+04
8.469059999999999491e+02 6.459700000000000000e+04
8.460520000000000209e+02 6.462500000000000000e+04
8.452000000000000455e+02 6.458200000000000000e+04
8.443500000000000227e+02 6.456100000000000000e+04
8.435009999999999764e+02 6.465800000000000000e+04
8.426539999999999964e+02 6.467100000000000000e+04
8.418089999999999691e+02 6.469300000000000000e+04
8.409650000000000318e+02 6.458500000000000000e+04
8.401230000000000473e+02 6.451500000000000000e+04
8.392830000000000155e+02 6.452700000000000000e+04
8.384439999999999600e+02 6.456800000000000000e+04
8.376069999999999709e+02 6.448900000000000000e+04
8.367720000000000482e+02 6.443100000000000000e+04
8.359379999999999882e+02 6.442600000000000000e+04
8.351069999999999709e+02 6.451100000000000000e+04
8.342759999999999536e+02 6.436700000000000000e+04
8.334479999999999791e+02 6.436800000000000000e+04
8.326209999999999809e+02 6.445100000000000000e+04
8.317949999999999591e+02 6.439700000000000000e+04
8.309719999999999800e+02 6.447600000000000000e+04
8.301499999999999773e+02 6.434000000000000000e+04
8.293289999999999509e+02 6.435000000000000000e+04
8.285099999999999909e+02 6.434900000000000000e+04
8.276929999999999836e+02 6.442800000000000000e+04
8.268780000000000427e+02 6.452900000000000000e+04
8.260639999999999645e+02 6.439200000000000000e+04
8.252509999999999764e+02 6.439200000000000000e+04
8.244400000000000546e+02 6.427000000000000000e+04
8.236309999999999718e+02 6.436900000000000000e+04
8.228239999999999554e+02 6.436100000000000000e+04
8.220180000000000291e+02 6.441800000000000000e+04
8.212129999999999654e+02 6.438900000000000000e+04
8.204099999999999682e+02 6.429800000000000000e+04
8.196090000000000373e+02 6.442700000000000000e+04
8.188089999999999691e+02 6.427600000000000000e+04
8.180109999999999673e+02 6.444800000000000000e+04
8.172140000000000555e+02 6.439300000000000000e+04
8.164189999999999827e+02 6.442600000000000000e+04
8.156259999999999764e+02 6.446100000000000000e+04
8.148339999999999463e+02 6.450800000000000000e+04
8.140430000000000064e+02 6.455200000000000000e+04
8.132540000000000191e+02 6.441900000000000000e+04
8.124669999999999845e+02 6.450800000000000000e+04
8.116810000000000400e+02 6.431100000000000000e+04
8.108970000000000482e+02 6.432600000000000000e+04
8.101140000000000327e+02 6.434800000000000000e+04
8.093329999999999700e+02 6.429500000000000000e+04
8.085529999999999973e+02 6.430100000000000000e+04
8.077740000000000009e+02 6.418600000000000000e+04
8.069980000000000473e+02 6.417700000000000000e+04
8.062219999999999800e+02 6.409500000000000000e+04
8.054479999999999791e+02 6.404900000000000000e+04
8.046760000000000446e+02 6.404200000000000000e+04
8.039049999999999727e+02 6.407000000000000000e+04
8.031359999999999673e+02 6.401500000000000000e+04
8.023680000000000518e+02 6.440900000000000000e+04
8.016009999999999991e+02 6.469200000000000000e+04
8.008360000000000127e+02 6.440900000000000000e+04
8.000729999999999791e+02 6.450400000000000000e+04
7.993110000000000355e+02 6.430200000000000000e+04
7.985499999999999545e+02 6.418900000000000000e+04
7.977910000000000537e+02 6.417200000000000000e+04
7.970330000000000155e+02 6.413100000000000000e+04
7.962770000000000437e+02 6.412700000000000000e+04
7.955220000000000482e+02 6.420200000000000000e+04
7.947690000000000055e+02 6.408200000000000000e+04
7.940170000000000528e+02 6.412900000000000000e+04
7.932659999999999627e+02 6.422700000000000000e+04
7.925170000000000528e+02 6.422300000000000000e+04
7.917690000000000055e+02 6.421500000000000000e+04
7.910230000000000246e+02 6.410400000000000000e+04
7.902780000000000200e+02 6.411600000000000000e+04
7.895339999999999918e+02 6.406400000000000000e+04
7.887920000000000300e+02 6.429300000000000000e+04
7.880510000000000446e+02 6.407400000000000000e+04
7.873120000000000118e+02 6.398500000000000000e+04
7.865739999999999554e+02 6.402600000000000000e+04
7.858369999999999891e+02 6.398900000000000000e+04
7.851019999999999754e+02 6.400800000000000000e+04
7.843680000000000518e+02 6.403500000000000000e+04
7.836359999999999673e+02 6.387800000000000000e+04
7.829049999999999727e+02 6.392500000000000000e+04
7.821749999999999545e+02 6.391100000000000000e+04
7.814460000000000264e+02 6.399600000000000000e+04
7.807190000000000509e+02 6.390300000000000000e+04
7.799940000000000282e+02 6.402900000000000000e+04
7.792690000000000055e+02 6.405000000000000000e+04
7.785460000000000491e+02 6.406400000000000000e+04
7.778250000000000455e+02 6.392800000000000000e+04
7.771040000000000418e+02 6.406500000000000000e+04
7.763849999999999909e+02 6.398700000000000000e+04
7.756680000000000064e+02 6.400500000000000000e+04
7.749510000000000218e+02 6.401600000000000000e+04
7.742359999999999900e+02 6.407300000000000000e+04
7.735230000000000246e+02 6.408900000000000000e+04
7.728099999999999454e+02 6.403800000000000000e+04
7.720990000000000464e+02 6.401300000000000000e+04
7.713899999999999864e+02 6.404900000000000000e+04
7.706810000000000400e+02 6.408300000000000000e+04
7.699740000000000464e+02 6.410500000000000000e+04
7.692680000000000291e+02 6.409000000000000000e+04
7.685639999999999645e+02 6.406300000000000000e+04
7.678600000000000136e+02 6.416600000000000000e+04
7.671580000000000155e+02 6.412500000000000000e+04
7.664579999999999700e+02 6.415200000000000000e+04
7.657580000000000382e+02 6.411000000000000000e+04
7.650599999999999454e+02 6.416600000000000000e+04
7.643630000000000564e+02 6.420700000000000000e+04
7.636680000000000064e+02 6.418100000000000000e+04
7.629729999999999563e+02 6.418200000000000000e+04
7.622799999999999727e+02 6.447400000000000000e+04
7.615879999999999654e+02 6.441900000000000000e+04
7.608980000000000246e+02 6.434500000000000000e+04
7.602079999999999700e+02 6.429200000000000000e+04
7.595199999999999818e+02 6.433600000000000000e+04
7.588339999999999463e+02 6.429300000000000000e+04
7.581480000000000246e+02 6.442200000000000000e+04
7.574640000000000555e+02 6.443200000000000000e+04
7.567809999999999491e+02 6.442500000000000000e+04
7.560990000000000464e+02 6.446800000000000000e+04
7.554180000000000064e+02 6.442700000000000000e+04
7.547390000000000327e+02 6.435500000000000000e+04
7.540599999999999454e+02 6.429600000000000000e+04
7.533830000000000382e+02 6.420500000000000000e+04
7.527079999999999700e+02 6.432500000000000000e+04
7.520330000000000155e+02 6.443200000000000000e+04
7.513600000000000136e+02 6.441400000000000000e+04
7.506870000000000118e+02 6.436300000000000000e+04
7.500170000000000528e+02 6.439400000000000000e+04
7.493469999999999800e+02 6.443200000000000000e+04
7.486779999999999973e+02 6.449700000000000000e+04
7.480109999999999673e+02 6.453900000000000000e+04
7.473450000000000273e+02 6.442000000000000000e+04
7.466799999999999500e+02 6.445100000000000000e+04
7.460159999999999627e+02 6.445200000000000000e+04
7.453529999999999518e+02 6.446000000000000000e+04
7.446920000000000073e+02 6.428800000000000000e+04
7.440320000000000391e+02 6.422000000000000000e+04
7.433719999999999573e+02 6.419500000000000000e+04
7.427140000000000555e+02 6.414300000000000000e+04
7.420579999999999927e+02 6.426300000000000000e+04
7.414020000000000437e+02 6.423900000000000000e+04
7.407480000000000473e+02 6.420100000000000000e+04
7.400940000000000509e+02 6.426600000000000000e+04
7.394420000000000073e+02 6.425500000000000000e+04
7.387910000000000537e+02 6.428500000000000000e+04
7.381409999999999627e+02 6.429000000000000000e+04
7.374930000000000518e+02 6.434300000000000000e+04
7.368450000000000273e+02 6.430600000000000000e+04
7.361989999999999554e+02 6.435900000000000000e+04
7.355529999999999973e+02 6.431300000000000000e+04
7.349089999999999918e+02 6.425300000000000000e+04
7.342659999999999627e+02 6.432400000000000000e+04
7.336240000000000236e+02 6.425700000000000000e+04
7.329829999999999472e+02 6.428300000000000000e+04
7.323440000000000509e+02 6.422400000000000000e+04
7.317050000000000409e+02 6.428200000000000000e+04
7.310679999999999836e+02 6.448400000000000000e+04
7.304310000000000400e+02 6.438800000000000000e+04
7.297960000000000491e+02 6.452400000000000000e+04
7.291620000000000346e+02 6.466600000000000000e+04
7.285289999999999964e+02 6.460200000000000000e+04
7.278970000000000482e+02 6.468200000000000000e+04
7.272659999999999627e+02 6.466900000000000000e+04
7.266359999999999673e+02 6.473400000000000000e+04
7.260080000000000382e+02 6.480000000000000000e+04
7.253799999999999955e+02 6.477600000000000000e+04
7.247530000000000427e+02 6.476200000000000000e+04
7.241280000000000427e+02 6.465500000000000000e+04
7.235040000000000191e+02 6.466600000000000000e+04
7.228799999999999955e+02 6.453900000000000000e+04
7.222580000000000382e+02 6.449500000000000000e+04
7.216369999999999436e+02 6.428400000000000000e+04
7.210170000000000528e+02 6.443300000000000000e+04
7.203980000000000246e+02 6.432000000000000000e+04
7.197799999999999727e+02 6.429300000000000000e+04
7.191630000000000109e+02 6.414500000000000000e+04
7.185480000000000018e+02 6.415100000000000000e+04
7.179329999999999927e+02 6.416900000000000000e+04
7.173189999999999600e+02 6.406500000000000000e+04
7.167060000000000173e+02 6.412900000000000000e+04
7.160950000000000273e+02 6.407500000000000000e+04
7.154840000000000373e+02 6.399400000000000000e+04
7.148750000000000000e+02 6.400100000000000000e+04
7.142659999999999627e+02 6.409100000000000000e+04
7.136589999999999918e+02 6.406500000000000000e+04
7.130520000000000209e+02 6.413800000000000000e+04
7.124470000000000027e+02 6.410600000000000000e+04
7.118429999999999609e+02 6.404300000000000000e+04
7.112390000000000327e+02 6.414400000000000000e+04
7.106369999999999436e+02 6.414700000000000000e+04
7.100359999999999445e+02 6.415200000000000000e+04
7.094349999999999454e+02 6.426500000000000000e+04
7.088360000000000127e+02 6.439300000000000000e+04
7.082380000000000564e+02 6.437600000000000000e+04
7.076409999999999627e+02 6.445300000000000000e+04
7.070439999999999827e+02 6.451400000000000000e+04
7.064489999999999554e+02 6.451900000000000000e+04
7.058550000000000182e+02 6.464400000000000000e+04
7.052619999999999436e+02 6.444600000000000000e+04
7.046689999999999827e+02 6.443600000000000000e+04
7.040779999999999745e+02 6.438700000000000000e+04
7.034880000000000564e+02 6.442600000000000000e+04
7.028990000000000009e+02 6.423400000000000000e+04
7.023099999999999454e+02 6.439500000000000000e+04
7.017229999999999563e+02 6.439000000000000000e+04
7.011369999999999436e+02 6.434900000000000000e+04
7.005510000000000446e+02 6.438000000000000000e+04
6.999669999999999845e+02 6.429100000000000000e+04
6.993840000000000146e+02 6.426400000000000000e+04
6.988010000000000446e+02 6.429600000000000000e+04
6.982200000000000273e+02 6.437300000000000000e+04
6.976390000000000100e+02 6.437800000000000000e+04
6.970599999999999454e+02 6.418200000000000000e+04
6.964809999999999945e+02 6.418500000000000000e+04
6.959039999999999964e+02 6.416100000000000000e+04
6.953269999999999982e+02 6.428200000000000000e+04
6.947509999999999764e+02 6.443100000000000000e+04
6.941770000000000209e+02 6.409100000000000000e+04
6.936029999999999518e+02 6.422000000000000000e+04
6.930299999999999727e+02 6.467900000000000000e+04
6.924579999999999700e+02 6.426100000000000000e+04
6.918869999999999436e+02 6.434400000000000000e+04
6.913170000000000073e+02 6.440200000000000000e+04
6.907480000000000473e+02 6.439800000000000000e+04
6.901799999999999500e+02 6.439900000000000000e+04
6.896130000000000564e+02 6.454400000000000000e+04
6.890470000000000255e+02 6.438800000000000000e+04
6.884809999999999945e+02 6.462900000000000000e+04
6.879170000000000300e+02 6.460600000000000000e+04
6.873529999999999518e+02 6.474100000000000000e+04
6.867910000000000537e+02 6.488700000000000000e+04
6.862290000000000418e+02 6.496700000000000000e+04
6.856689999999999827e+02 6.511300000000000000e+04
6.851090000000000373e+02 6.517900000000000000e+04
6.845499999999999545e+02 6.537800000000000000e+04
6.839919999999999618e+02 6.557800000000000000e+04
6.834349999999999454e+02 6.548000000000000000e+04
6.828790000000000191e+02 6.568800000000000000e+04
6.823229999999999791e+02 6.559400000000000000e+04
6.817690000000000055e+02 6.591900000000000000e+04
6.812160000000000082e+02 6.564400000000000000e+04
6.806630000000000109e+02 6.561800000000000000e+04
6.801109999999999900e+02 6.580700000000000000e+04
6.795610000000000355e+02 6.574000000000000000e+04
6.790109999999999673e+02 6.567700000000000000e+04
6.784619999999999891e+02 6.551200000000000000e+04
6.779139999999999873e+02 6.540700000000000000e+04
6.773659999999999854e+02 6.527700000000000000e+04
6.768200000000000500e+02 6.503700000000000000e+04
6.762749999999999773e+02 6.512400000000000000e+04
6.757300000000000182e+02 6.495300000000000000e+04
6.751860000000000355e+02 6.477700000000000000e+04
6.746440000000000055e+02 6.462300000000000000e+04
6.741019999999999754e+02 6.462900000000000000e+04
6.735599999999999454e+02 6.455200000000000000e+04
6.730199999999999818e+02 6.438600000000000000e+04
6.724809999999999945e+02 6.444900000000000000e+04
6.719420000000000073e+02 6.432900000000000000e+04
6.714049999999999727e+02 6.422700000000000000e+04
6.708680000000000518e+02 6.420100000000000000e+04
6.703319999999999936e+02 6.404200000000000000e+04
6.697970000000000255e+02 6.400900000000000000e+04
6.692630000000000337e+02 6.395500000000000000e+04
6.687300000000000182e+02 6.391300000000000000e+04
6.681970000000000027e+02 6.387900000000000000e+04
6.676649999999999636e+02 6.388000000000000000e+04
6.671349999999999909e+02 6.403200000000000000e+04
6.666050000000000182e+02 6.388800000000000000e+04
6.660760000000000218e+02 6.386200000000000000e+04
6.655470000000000255e+02 6.383500000000000000e+04
6.650199999999999818e+02 6.392700000000000000e+04
6.644930000000000518e+02 6.392800000000000000e+04
6.639669999999999845e+02 6.405200000000000000e+04
6.634420000000000073e+02 6.409000000000000000e+04
6.629180000000000064e+02 6.419700000000000000e+04
6.623949999999999818e+02 6.437000000000000000e+04
6.618730000000000473e+02 6.415300000000000000e+04
6.613509999999999991e+02 6.423900000000000000e+04
6.608300000000000409e+02 6.432700000000000000e+04
6.603099999999999454e+02 6.440900000000000000e+04
6.597910000000000537e+02 6.446500000000000000e+04
6.592730000000000246e+02 6.453200000000000000e+04
6.587549999999999955e+02 6.479900000000000000e+04
6.582380000000000564e+02 6.466300000000000000e+04
6.577219999999999800e+02 6.464400000000000000e+04
6.572069999999999936e+02 6.481600000000000000e+04
6.566929999999999836e+02 6.477200000000000000e+04
6.561799999999999500e+02 6.496700000000000000e+04
6.556670000000000300e+02 6.520100000000000000e+04
6.551549999999999727e+02 6.514800000000000000e+04
6.546440000000000055e+02 6.529500000000000000e+04
6.541330000000000382e+02 6.547700000000000000e+04
6.536240000000000236e+02 6.550400000000000000e+04
6.531150000000000091e+02 6.549500000000000000e+04
6.526069999999999709e+02 6.539300000000000000e+04
6.521000000000000227e+02 6.546600000000000000e+04
6.515940000000000509e+02 6.601300000000000000e+04
6.510879999999999654e+02 6.610100000000000000e+04
6.505829999999999700e+02 6.581900000000000000e+04
6.500789999999999509e+02 6.604700000000000000e+04
6.495760000000000218e+02 6.644800000000000000e+04
6.490739999999999554e+02 6.668000000000000000e+04
6.485720000000000027e+02 6.677400000000000000e+04
6.480710000000000264e+02 6.720300000000000000e+04
6.475710000000000264e+02 6.730700000000000000e+04
6.470720000000000027e+02 6.674800000000000000e+04
6.465729999999999791e+02 6.650800000000000000e+04
6.460750000000000455e+02 6.656200000000000000e+04
6.455779999999999745e+02 6.672500000000000000e+04
6.450819999999999936e+02 6.653700000000000000e+04
6.445869999999999891e+02 6.660600000000000000e+04
6.440919999999999845e+02 6.666200000000000000e+04
6.435979999999999563e+02 6.681500000000000000e+04
6.431050000000000182e+02 6.686500000000000000e+04
6.426119999999999663e+02 6.686800000000000000e+04
6.421200000000000045e+02 6.692700000000000000e+04
6.416290000000000191e+02 6.659700000000000000e+04
6.411390000000000100e+02 6.636500000000000000e+04
6.406499999999999773e+02 6.645300000000000000e+04
6.401609999999999445e+02 6.636200000000000000e+04
6.396730000000000018e+02 6.619400000000000000e+04
6.391860000000000355e+02 6.618600000000000000e+04
6.386989999999999554e+02 6.623200000000000000e+04
6.382129999999999654e+02 6.623800000000000000e+04
6.377279999999999518e+02 6.630100000000000000e+04
6.372440000000000282e+02 6.632600000000000000e+04
6.367609999999999673e+02 6.649300000000000000e+04
6.362780000000000200e+02 6.661600000000000000e+04
6.357960000000000491e+02 6.672700000000000000e+04
6.353139999999999645e+02 6.698800000000000000e+04
6.348339999999999463e+02 6.704900000000000000e+04
6.343540000000000418e+02 6.701400000000000000e+04
6.338750000000000000e+02 6.696300000000000000e+04
6.333959999999999582e+02 6.723900000000000000e+04
6.329180000000000064e+02 6.756700000000000000e+04
6.324410000000000309e+02 6.805800000000000000e+04
6.319650000000000318e+02 6.840100000000000000e+04
6.314900000000000091e+02 6.917800000000000000e+04
6.310149999999999864e+02 7.016900000000000000e+04
6.305410000000000537e+02 7.137800000000000000e+04
6.300670000000000073e+02 7.080000000000000000e+04
6.295940000000000509e+02 7.050300000000000000e+04
6.291219999999999573e+02 7.094500000000000000e+04
6.286509999999999536e+02 7.023200000000000000e+04
6.281799999999999500e+02 6.891400000000000000e+04
6.277110000000000127e+02 6.835200000000000000e+04
6.272409999999999854e+02 6.798600000000000000e+04
6.267730000000000246e+02 6.733400000000000000e+04
6.263049999999999500e+02 6.700200000000000000e+04
6.258379999999999654e+02 6.701700000000000000e+04
6.253719999999999573e+02 6.712400000000000000e+04
6.249059999999999491e+02 6.746800000000000000e+04
6.244410000000000309e+02 6.790000000000000000e+04
6.239769999999999754e+02 6.897500000000000000e+04
6.235130000000000337e+02 7.010100000000000000e+04
6.230499999999999545e+02 7.194100000000000000e+04
6.225879999999999654e+02 7.354600000000000000e+04
6.221259999999999764e+02 7.407500000000000000e+04
6.216649999999999636e+02 7.400100000000000000e+04
6.212050000000000409e+02 7.404400000000000000e+04
6.207459999999999809e+02 7.295400000000000000e+04
6.202870000000000346e+02 7.212900000000000000e+04
6.198289999999999509e+02 7.142900000000000000e+04
6.193709999999999809e+02 7.156100000000000000e+04
6.189139999999999873e+02 7.153100000000000000e+04
6.184579999999999700e+02 7.241400000000000000e+04
6.180030000000000427e+02 7.394500000000000000e+04
6.175480000000000018e+02 7.592300000000000000e+04
6.170940000000000509e+02 7.936800000000000000e+04
6.166399999999999864e+02 8.333400000000000000e+04
6.161870000000000118e+02 8.900500000000000000e+04
6.157350000000000136e+02 9.805400000000000000e+04
6.152839999999999918e+02 1.073780000000000000e+05
6.148329999999999700e+02 1.247960000000000000e+05
6.143830000000000382e+02 1.707920000000000000e+05
6.139329999999999927e+02 2.558360000000000000e+05
6.134850000000000136e+02 3.758340000000000000e+05
6.130359999999999445e+02 6.126510000000000000e+05
6.125890000000000555e+02 1.014444000000000000e+06
6.121420000000000528e+02 1.336729000000000000e+06
6.116960000000000264e+02 1.486229000000000000e+06
6.112500000000000000e+02 1.563259000000000000e+06
6.108049999999999500e+02 1.652509000000000000e+06
6.103609999999999900e+02 1.438401000000000000e+06
6.099170000000000300e+02 1.131943000000000000e+06
6.094740000000000464e+02 1.071352000000000000e+06
6.090320000000000391e+02 9.427610000000000000e+05
6.085900000000000318e+02 6.646020000000000000e+05
6.081490000000000009e+02 4.685170000000000000e+05
6.077089999999999463e+02 3.892480000000000000e+05
6.072690000000000055e+02 3.189460000000000000e+05
6.068300000000000409e+02 2.231920000000000000e+05
6.063909999999999627e+02 1.655980000000000000e+05
6.059539999999999509e+02 1.380430000000000000e+05
6.055159999999999627e+02 1.151080000000000000e+05
6.050800000000000409e+02 9.854200000000000000e+04
6.046440000000000055e+02 8.969300000000000000e+04
6.042079999999999700e+02 8.533200000000000000e+04
6.037740000000000009e+02 8.122700000000000000e+04
6.033390000000000555e+02 7.898400000000000000e+04
6.029059999999999491e+02 7.735100000000000000e+04
6.024729999999999563e+02 7.677500000000000000e+04
6.020410000000000537e+02 7.547300000000000000e+04
6.016090000000000373e+02 7.417100000000000000e+04
6.011779999999999973e+02 7.304200000000000000e+04
6.007480000000000473e+02 7.199600000000000000e+04
6.003179999999999836e+02 7.093900000000000000e+04
5.998890000000000100e+02 7.010100000000000000e+04
5.994600000000000364e+02 6.939900000000000000e+04
5.990320000000000391e+02 6.891900000000000000e+04
5.986050000000000182e+02 6.845800000000000000e+04
5.981779999999999973e+02 6.806600000000000000e+04
5.977519999999999527e+02 6.776000000000000000e+04
5.973269999999999982e+02 6.739400000000000000e+04
5.969020000000000437e+02 6.708500000000000000e+04
5.964779999999999518e+02 6.685200000000000000e+04
5.960539999999999736e+02 6.651400000000000000e+04
5.956309999999999718e+02 6.634700000000000000e+04
5.952079999999999700e+02 6.611100000000000000e+04
5.947870000000000346e+02 6.589900000000000000e+04
5.943650000000000091e+02 6.579300000000000000e+04
5.939450000000000500e+02 6.566700000000000000e+04
5.935240000000000009e+02 6.539200000000000000e+04
5.931050000000000182e+02 6.527900000000000000e+04
5.926860000000000355e+02 6.511700000000000000e+04
5.922680000000000291e+02 6.503900000000000000e+04
5.918500000000000227e+02 6.495700000000000000e+04
5.914329999999999927e+02 6.474200000000000000e+04
5.910159999999999627e+02 6.465000000000000000e+04
5.906000000000000227e+02 6.461500000000000000e+04
5.901849999999999454e+02 6.447600000000000000e+04
5.897699999999999818e+02 6.443000000000000000e+04
5.893559999999999945e+02 6.439300000000000000e+04
5.889420000000000073e+02 6.437400000000000000e+04
5.885289999999999964e+02 6.422800000000000000e+04
5.881169999999999618e+02 6.426000000000000000e+04
5.877050000000000409e+02 6.413500000000000000e+04
5.872939999999999827e+02 6.416400000000000000e+04
5.868830000000000382e+02 6.402500000000000000e+04
5.864729999999999563e+02 6.404500000000000000e+04
5.860629999999999882e+02 6.400300000000000000e+04
5.856539999999999964e+02 6.408400000000000000e+04
5.852459999999999809e+02 6.408100000000000000e+04
5.848379999999999654e+02 6.396900000000000000e+04
5.844299999999999500e+02 6.398900000000000000e+04
5.840240000000000009e+02 6.404000000000000000e+04
5.836180000000000518e+02 6.431500000000000000e+04
5.832119999999999891e+02 6.403300000000000000e+04
5.828070000000000164e+02 6.405100000000000000e+04
5.824020000000000437e+02 6.425100000000000000e+04
5.819980000000000473e+02 6.426200000000000000e+04
5.815950000000000273e+02 6.435400000000000000e+04
5.811920000000000073e+02 6.432700000000000000e+04
5.807899999999999636e+02 6.430300000000000000e+04
5.803880000000000337e+02 6.432200000000000000e+04
5.799869999999999663e+02 6.435500000000000000e+04
5.795869999999999891e+02 6.439000000000000000e+04
5.791870000000000118e+02 6.443400000000000000e+04
5.787870000000000346e+02 6.442000000000000000e+04
5.783880000000000337e+02 6.451300000000000000e+04
5.779900000000000091e+02 6.446000000000000000e+04
5.775919999999999845e+02 6.451100000000000000e+04
5.771950000000000500e+02 6.439900000000000000e+04
5.767980000000000018e+02 6.444900000000000000e+04
5.764020000000000437e+02 6.434900000000000000e+04
5.760059999999999718e+02 6.421500000000000000e+04
5.756109999999999900e+02 6.424400000000000000e+04
5.752160000000000082e+02 6.413800000000000000e+04
5.748220000000000027e+02 6.416600000000000000e+04
5.744289999999999736e+02 6.416300000000000000e+04
5.740359999999999445e+02 6.408800000000000000e+04
5.736440000000000055e+02 6.404600000000000000e+04
5.732519999999999527e+02 6.394000000000000000e+04
5.728600000000000136e+02 6.388400000000000000e+04
5.724690000000000509e+02 6.371800000000000000e+04
5.720789999999999509e+02 6.363200000000000000e+04
5.716889999999999645e+02 6.359400000000000000e+04
5.712999999999999545e+02 6.339900000000000000e+04
5.709120000000000346e+02 6.346200000000000000e+04
5.705230000000000246e+02 6.331700000000000000e+04
5.701359999999999673e+02 6.318000000000000000e+04
5.697490000000000236e+02 6.320900000000000000e+04
5.693619999999999663e+02 6.314400000000000000e+04
5.689759999999999991e+02 6.322100000000000000e+04
5.685910000000000082e+02 6.316000000000000000e+04
5.682060000000000173e+02 6.317600000000000000e+04
5.678210000000000264e+02 6.307100000000000000e+04
5.674370000000000118e+02 6.310700000000000000e+04
5.670539999999999736e+02 6.311900000000000000e+04
5.666710000000000491e+02 6.305500000000000000e+04
5.662880000000000109e+02 6.311400000000000000e+04
5.659059999999999491e+02 6.311400000000000000e+04
5.655249999999999773e+02 6.310300000000000000e+04
5.651440000000000055e+02 6.309600000000000000e+04
5.647640000000000100e+02 6.298400000000000000e+04
5.643840000000000146e+02 6.297500000000000000e+04
5.640049999999999955e+02 6.303700000000000000e+04
5.636259999999999764e+02 6.305700000000000000e+04
5.632480000000000473e+02 6.307300000000000000e+04
5.628700000000000045e+02 6.307100000000000000e+04
5.624919999999999618e+02 6.306800000000000000e+04
5.621159999999999854e+02 6.306000000000000000e+04
5.617390000000000327e+02 6.300000000000000000e+04
5.613640000000000327e+02 6.310400000000000000e+04
5.609880000000000564e+02 6.303100000000000000e+04
5.606130000000000564e+02 6.310600000000000000e+04
5.602390000000000327e+02 6.343500000000000000e+04
5.598650000000000091e+02 6.314200000000000000e+04
5.594919999999999618e+02 6.303800000000000000e+04
5.591190000000000282e+02 6.306500000000000000e+04
5.587469999999999573e+02 6.301400000000000000e+04
5.583750000000000000e+02 6.300800000000000000e+04
5.580040000000000191e+02 6.303800000000000000e+04
5.576330000000000382e+02 6.304500000000000000e+04
5.572630000000000337e+02 6.299900000000000000e+04
5.568930000000000291e+02 6.301200000000000000e+04
5.565240000000000009e+02 6.300800000000000000e+04
5.561549999999999727e+02 6.308300000000000000e+04
5.557870000000000346e+02 6.304300000000000000e+04
5.554189999999999827e+02 6.300400000000000000e+04
5.550510000000000446e+02 6.296400000000000000e+04
5.546839999999999691e+02 6.301100000000000000e+04
5.543179999999999836e+02 6.319400000000000000e+04
5.539519999999999982e+02 6.311100000000000000e+04
5.535869999999999891e+02 6.305700000000000000e+04
5.532219999999999800e+02 6.302500000000000000e+04
5.528569999999999709e+02 6.303900000000000000e+04
5.524930000000000518e+02 6.302300000000000000e+04
5.521299999999999955e+02 6.297000000000000000e+04
5.517670000000000528e+02 6.295100000000000000e+04
5.514039999999999964e+02 6.295400000000000000e+04
5.510420000000000300e+02 6.309800000000000000e+04
5.506799999999999500e+02 6.297300000000000000e+04
5.503189999999999600e+02 6.306900000000000000e+04
5.499589999999999463e+02 6.301800000000000000e+04
5.495979999999999563e+02 6.305500000000000000e+04
5.492390000000000327e+02 6.331900000000000000e+04
5.488790000000000191e+02 6.306900000000000000e+04
5.485209999999999582e+02 6.298500000000000000e+04
5.481620000000000346e+02 6.299200000000000000e+04
5.478039999999999736e+02 6.296700000000000000e+04
5.474470000000000027e+02 6.299300000000000000e+04
5.470900000000000318e+02 6.297600000000000000e+04
5.467340000000000373e+02 6.304500000000000000e+04
5.463780000000000427e+02 6.300100000000000000e+04
5.460220000000000482e+02 6.292800000000000000e+04
5.456670000000000300e+02 6.297200000000000000e+04
5.453129999999999882e+02 6.301100000000000000e+04
5.449579999999999700e+02 6.297600000000000000e+04
5.446050000000000182e+02 6.301600000000000000e+04
5.442509999999999764e+02 6.303400000000000000e+04
5.438990000000000009e+02 6.298300000000000000e+04
5.435460000000000491e+02 6.306700000000000000e+04
5.431950000000000500e+02 6.297900000000000000e+04
5.428429999999999609e+02 6.307300000000000000e+04
5.424919999999999618e+02 6.297100000000000000e+04
5.421420000000000528e+02 6.304800000000000000e+04
5.417920000000000300e+02 6.302100000000000000e+04
5.414420000000000073e+02 6.300300000000000000e+04
5.410929999999999609e+02 6.296300000000000000e+04
5.407440000000000282e+02 6.298400000000000000e+04
5.403959999999999582e+02 6.302100000000000000e+04
5.400480000000000018e+02 6.307000000000000000e+04
5.397010000000000218e+02 6.297500000000000000e+04
5.393540000000000418e+02 6.297700000000000000e+04
5.390080000000000382e+02 6.303600000000000000e+04
5.386620000000000346e+02 6.300600000000000000e+04
5.383160000000000309e+02 6.300200000000000000e+04
5.379710000000000036e+02 6.299000000000000000e+04
5.376259999999999764e+02 6.291100000000000000e+04
5.372820000000000391e+02 6.293800000000000000e+04
5.369379999999999882e+02 6.303600000000000000e+04
5.365950000000000273e+02 6.299300000000000000e+04
5.362519999999999527e+02 6.299900000000000000e+04
5.359099999999999682e+02 6.299400000000000000e+04
5.355679999999999836e+02 6.295100000000000000e+04
5.352259999999999991e+02 6.281000000000000000e+04
5.348849999999999909e+02 6.289400000000000000e+04
5.345439999999999827e+02 6.279300000000000000e+04
5.342039999999999509e+02 6.343400000000000000e+04
