3.619503000000000156e+03 6.440600000000000000e+04
3.603958999999999833e+03 6.440400000000000000e+04
3.588547000000000025e+03 6.437300000000000000e+04
3.573266000000000076e+03 6.445400000000000000e+04
3.558114999999999782e+03 6.437700000000000000e+04
3.543090999999999894e+03 6.442300000000000000e+04
3.528195000000000164e+03 6.439700000000000000e+04
3.513422000000000025e+03 6.436900000000000000e+04
3.498773000000000138e+03 6.447000000000000000e+04
3.484246000000000095e+03 6.435100000000000000e+04
3.469838999999999942e+03 6.444700000000000000e+04
3.455550000000000182e+03 6.440200000000000000e+04
3.441378999999999905e+03 6.437200000000000000e+04
3.427322999999999865e+03 6.439900000000000000e+04
3.413382000000000062e+03 6.443800000000000000e+04
3.399554000000000087e+03 6.438900000000000000e+04
3.385836999999999989e+03 6.442900000000000000e+04
3.372231000000000222e+03 6.440400000000000000e+04
3.358733000000000175e+03 6.441000000000000000e+04
3.345342999999999847e+03 6.442800000000000000e+04
3.332059999999999945e+03 6.447700000000000000e+04
3.318880999999999858e+03 6.444700000000000000e+04
3.305806999999999789e+03 6.439500000000000000e+04
3.292835000000000036e+03 6.437600000000000000e+04
3.279963999999999942e+03 6.443500000000000000e+04
3.267193999999999960e+03 6.446000000000000000e+04
3.254521999999999935e+03 6.436500000000000000e+04
3.241949000000000069e+03 6.438400000000000000e+04
3.229472000000000207e+03 6.449100000000000000e+04
3.217090999999999894e+03 6.450200000000000000e+04
3.204804999999999836e+03 6.437700000000000000e+04
3.192612000000000080e+03 6.440200000000000000e+04
3.180510999999999967e+03 6.438600000000000000e+04
3.168501999999999953e+03 6.431100000000000000e+04
3.156583000000000084e+03 6.434400000000000000e+04
3.144753999999999905e+03 6.441800000000000000e+04
3.133012999999999920e+03 6.441500000000000000e+04
3.121358999999999924e+03 6.440500000000000000e+04
3.109791999999999916e+03 6.438900000000000000e+04
3.098309999999999945e+03 6.441200000000000000e+04
3.086911999999999807e+03 6.446300000000000000e+04
3.075597999999999956e+03 6.445300000000000000e+04
3.064367000000000189e+03 6.442400000000000000e+04
3.053217000000000098e+03 6.440100000000000000e+04
3.042148999999999887e+03 6.447700000000000000e+04
3.031159999999999854e+03 6.438800000000000000e+04
3.020250000000000000e+03 6.440500000000000000e+04
3.009418999999999869e+03 6.456000000000000000e+04
2.998664999999999964e+03 6.435300000000000000e+04
2.987987000000000080e+03 6.442600000000000000e+04
2.977385000000000218e+03 6.441900000000000000e+04
2.966858999999999924e+03 6.449500000000000000e+04
2.956405999999999949e+03 6.444100000000000000e+04
2.946027000000000044e+03 6.442200000000000000e+04
2.935721000000000004e+03 6.445700000000000000e+04
2.925485999999999876e+03 6.447600000000000000e+04
2.915322000000000116e+03 6.452200000000000000e+04
2.905228999999999814e+03 6.498600000000000000e+04
2.895206000000000131e+03 6.445100000000000000e+04
2.885251000000000204e+03 6.448600000000000000e+04
2.875364999999999782e+03 6.457800000000000000e+04
2.865545999999999822e+03 6.444300000000000000e+04
2.855793999999999869e+03 6.445100000000000000e+04
2.846108000000000175e+03 6.456600000000000000e+04
2.836487000000000080e+03 6.448000000000000000e+04
2.826931999999999789e+03 6.444200000000000000e+04
2.817440000000000055e+03 6.448000000000000000e+04
2.808012999999999920e+03 6.445300000000000000e+04
2.798648000000000138e+03 6.444100000000000000e+04
2.789344999999999800e+03 6.437100000000000000e+04
2.780103999999999814e+03 6.438900000000000000e+04
2.770923999999999978e+03 6.448600000000000000e+04
2.761804000000000087e+03 6.453000000000000000e+04
2.752744000000000142e+03 6.445900000000000000e+04
2.743744000000000142e+03 6.451800000000000000e+04
2.734802000000000135e+03 6.448800000000000000e+04
2.725918000000000120e+03 6.448300000000000000e+04
2.717092000000000098e+03 6.450200000000000000e+04
2.708322000000000116e+03 6.455600000000000000e+04
2.699608999999999924e+03 6.447100000000000000e+04
2.690952000000000226e+03 6.445800000000000000e+04
2.682351000000000113e+03 6.456100000000000000e+04
2.673804000000000087e+03 6.457800000000000000e+04
2.665311000000000149e+03 6.465300000000000000e+04
2.656873000000000047e+03 6.450100000000000000e+04
2.648487000000000080e+03 6.448500000000000000e+04
2.640153999999999996e+03 6.450700000000000000e+04
2.631873999999999796e+03 6.448500000000000000e+04
2.623644999999999982e+03 6.445100000000000000e+04
2.615467999999999847e+03 6.460100000000000000e+04
2.607340999999999894e+03 6.468600000000000000e+04
2.599264999999999873e+03 6.455400000000000000e+04
2.591239000000000033e+03 6.449800000000000000e+04
2.583262000000000171e+03 6.463200000000000000e+04
2.575333999999999833e+03 6.442200000000000000e+04
2.567454000000000178e+03 6.450300000000000000e+04
2.559623000000000047e+03 6.453300000000000000e+04
2.551838999999999942e+03 6.449600000000000000e+04
2.544101999999999862e+03 6.453700000000000000e+04
2.536413000000000011e+03 6.449600000000000000e+04
2.528768999999999778e+03 6.453800000000000000e+04
2.521172000000000025e+03 6.448900000000000000e+04
2.513619999999999891e+03 6.443900000000000000e+04
2.506112999999999829e+03 6.451700000000000000e+04
2.498650999999999840e+03 6.458800000000000000e+04
2.491233000000000175e+03 6.448700000000000000e+04
2.483858999999999924e+03 6.448900000000000000e+04
2.476527999999999793e+03 6.461400000000000000e+04
2.469240999999999985e+03 6.464400000000000000e+04
2.461996000000000095e+03 6.451800000000000000e+04
2.454793999999999869e+03 6.454600000000000000e+04
2.447634000000000015e+03 6.458400000000000000e+04
2.440514999999999873e+03 6.454600000000000000e+04
2.433438000000000102e+03 6.453300000000000000e+04
2.426402000000000044e+03 6.455700000000000000e+04
2.419405999999999949e+03 6.453200000000000000e+04
2.412451000000000022e+03 6.456800000000000000e+04
2.405534999999999854e+03 6.472600000000000000e+04
2.398659000000000106e+03 6.468700000000000000e+04
2.391822000000000116e+03 6.452500000000000000e+04
2.385023999999999887e+03 6.462000000000000000e+04
2.378264999999999873e+03 6.460700000000000000e+04
2.371543000000000120e+03 6.459700000000000000e+04
2.364860000000000127e+03 6.454500000000000000e+04
2.358213999999999942e+03 6.459700000000000000e+04
2.351606000000000222e+03 6.453900000000000000e+04
2.345034000000000106e+03 6.458300000000000000e+04
2.338498999999999796e+03 6.460100000000000000e+04
2.332000000000000000e+03 6.473900000000000000e+04
2.325538000000000011e+03 6.459400000000000000e+04
2.319110999999999876e+03 6.451300000000000000e+04
2.312719000000000051e+03 6.458900000000000000e+04
2.306362999999999829e+03 6.468400000000000000e+04
2.300041000000000167e+03 6.456200000000000000e+04
2.293753999999999905e+03 6.453900000000000000e+04
2.287501000000000204e+03 6.461800000000000000e+04
2.281282999999999902e+03 6.459400000000000000e+04
2.275097999999999956e+03 6.456000000000000000e+04
2.268945999999999913e+03 6.460600000000000000e+04
2.262827999999999975e+03 6.464500000000000000e+04
2.256742000000000189e+03 6.458100000000000000e+04
2.250688999999999851e+03 6.462700000000000000e+04
2.244668999999999869e+03 6.457500000000000000e+04
2.238681000000000040e+03 6.462600000000000000e+04
2.232724000000000160e+03 6.459600000000000000e+04
2.226798999999999978e+03 6.460500000000000000e+04
2.220905999999999949e+03 6.466500000000000000e+04
2.215043000000000120e+03 6.464700000000000000e+04
2.209211999999999989e+03 6.465000000000000000e+04
2.203411000000000058e+03 6.462900000000000000e+04
2.197641000000000076e+03 6.464800000000000000e+04
2.191900000000000091e+03 6.462900000000000000e+04
2.186190000000000055e+03 6.474400000000000000e+04
2.180509000000000015e+03 6.472800000000000000e+04
2.174858000000000175e+03 6.461600000000000000e+04
2.169235999999999876e+03 6.467400000000000000e+04
2.163643000000000029e+03 6.464000000000000000e+04
2.158077999999999975e+03 6.478800000000000000e+04
2.152541999999999916e+03 6.476200000000000000e+04
2.147034999999999854e+03 6.462200000000000000e+04
2.141556000000000040e+03 6.461600000000000000e+04
2.136103999999999814e+03 6.469400000000000000e+04
2.130679999999999836e+03 6.465800000000000000e+04
2.125284000000000106e+03 6.471300000000000000e+04
2.119914999999999964e+03 6.465600000000000000e+04
2.114572999999999865e+03 6.459000000000000000e+04
2.109257999999999811e+03 6.464800000000000000e+04
2.103969000000000051e+03 6.469000000000000000e+04
2.098706999999999880e+03 6.472200000000000000e+04
2.093472000000000207e+03 6.469400000000000000e+04
2.088262000000000171e+03 6.470400000000000000e+04
2.083077999999999975e+03 6.474300000000000000e+04
2.077920000000000073e+03 6.470500000000000000e+04
2.072786999999999807e+03 6.464500000000000000e+04
2.067679999999999836e+03 6.466700000000000000e+04
2.062597999999999956e+03 6.473600000000000000e+04
2.057539999999999964e+03 6.479700000000000000e+04
2.052507999999999811e+03 6.465800000000000000e+04
2.047500000000000000e+03 6.467300000000000000e+04
2.042516000000000076e+03 6.475700000000000000e+04
2.037556000000000040e+03 6.473000000000000000e+04
2.032621000000000095e+03 6.477900000000000000e+04
2.027709000000000060e+03 6.476300000000000000e+04
2.022820999999999913e+03 6.464800000000000000e+04
2.017957000000000107e+03 6.474700000000000000e+04
2.013115999999999985e+03 6.477900000000000000e+04
2.008298000000000002e+03 6.469000000000000000e+04
2.003502999999999929e+03 6.469000000000000000e+04
1.998730999999999995e+03 6.469200000000000000e+04
1.993981999999999971e+03 6.472100000000000000e+04
1.989255000000000109e+03 6.466100000000000000e+04
1.984549999999999955e+03 6.474100000000000000e+04
1.979867999999999938e+03 6.476100000000000000e+04
1.975208000000000084e+03 6.466300000000000000e+04
1.970568999999999960e+03 6.530000000000000000e+04
1.965952999999999975e+03 6.474800000000000000e+04
1.961357999999999947e+03 6.474200000000000000e+04
1.956784000000000106e+03 6.476500000000000000e+04
1.952231999999999971e+03 6.484700000000000000e+04
1.947701000000000022e+03 6.472500000000000000e+04
1.943190000000000055e+03 6.476900000000000000e+04
1.938701000000000022e+03 6.481500000000000000e+04
1.934231999999999971e+03 6.475400000000000000e+04
1.929784000000000106e+03 6.472600000000000000e+04
1.925355999999999995e+03 6.473700000000000000e+04
1.920949000000000069e+03 6.479500000000000000e+04
1.916561999999999898e+03 6.480400000000000000e+04
1.912193999999999960e+03 6.472900000000000000e+04
1.907846999999999980e+03 6.476500000000000000e+04
1.903519000000000005e+03 6.476300000000000000e+04
1.899211000000000013e+03 6.485200000000000000e+04
1.894922000000000025e+03 6.477100000000000000e+04
1.890653000000000020e+03 6.485000000000000000e+04
1.886403000000000020e+03 6.470400000000000000e+04
1.882172000000000025e+03 6.477200000000000000e+04
1.877959000000000060e+03 6.483100000000000000e+04
1.873766000000000076e+03 6.494700000000000000e+04
1.869590999999999894e+03 6.480700000000000000e+04
1.865434999999999945e+03 6.478500000000000000e+04
1.861298000000000002e+03 6.479300000000000000e+04
1.857178000000000111e+03 6.481100000000000000e+04
1.853076999999999998e+03 6.475000000000000000e+04
1.848993999999999915e+03 6.480000000000000000e+04
1.844929000000000087e+03 6.472800000000000000e+04
1.840882000000000062e+03 6.479600000000000000e+04
1.836852000000000089e+03 6.494300000000000000e+04
1.832839999999999918e+03 6.478300000000000000e+04
1.828845000000000027e+03 6.478600000000000000e+04
1.824867999999999938e+03 6.481000000000000000e+04
1.820907999999999902e+03 6.480100000000000000e+04
1.816965999999999894e+03 6.482600000000000000e+04
1.813039999999999964e+03 6.480800000000000000e+04
1.809131000000000085e+03 6.477400000000000000e+04
1.805239000000000033e+03 6.483500000000000000e+04
1.801364000000000033e+03 6.481600000000000000e+04
1.797506000000000085e+03 6.480600000000000000e+04
1.793663000000000011e+03 6.485800000000000000e+04
1.789837999999999965e+03 6.494000000000000000e+04
1.786028000000000020e+03 6.479100000000000000e+04
1.782234999999999900e+03 6.485800000000000000e+04
1.778458000000000084e+03 6.482600000000000000e+04
1.774696999999999889e+03 6.483800000000000000e+04
1.770951000000000022e+03 6.482400000000000000e+04
1.767221999999999980e+03 6.478600000000000000e+04
1.763508000000000038e+03 6.486900000000000000e+04
1.759808999999999969e+03 6.503800000000000000e+04
1.756126999999999953e+03 6.488900000000000000e+04
1.752459000000000060e+03 6.471600000000000000e+04
1.748807000000000016e+03 6.487700000000000000e+04
1.745170000000000073e+03 6.483200000000000000e+04
1.741548000000000002e+03 6.475000000000000000e+04
1.737941000000000031e+03 6.482400000000000000e+04
1.734348999999999933e+03 6.483000000000000000e+04
1.730771999999999935e+03 6.480400000000000000e+04
1.727210000000000036e+03 6.483300000000000000e+04
1.723662000000000035e+03 6.488600000000000000e+04
1.720128999999999905e+03 6.499600000000000000e+04
1.716609999999999900e+03 6.487700000000000000e+04
1.713105000000000018e+03 6.490500000000000000e+04
1.709615000000000009e+03 6.487100000000000000e+04
1.706138999999999896e+03 6.484500000000000000e+04
1.702676999999999907e+03 6.483400000000000000e+04
1.699230000000000018e+03 6.482500000000000000e+04
1.695796000000000049e+03 6.480900000000000000e+04
1.692375999999999976e+03 6.487000000000000000e+04
1.688969000000000051e+03 6.492700000000000000e+04
1.685576999999999998e+03 6.489700000000000000e+04
1.682198000000000093e+03 6.489800000000000000e+04
1.678832000000000107e+03 6.492500000000000000e+04
1.675480000000000018e+03 6.491300000000000000e+04
1.672142000000000053e+03 6.489300000000000000e+04
1.668816000000000031e+03 6.494200000000000000e+04
1.665503999999999905e+03 6.505100000000000000e+04
1.662204999999999927e+03 6.492600000000000000e+04
1.658919000000000096e+03 6.496900000000000000e+04
1.655645999999999958e+03 6.496100000000000000e+04
1.652385999999999967e+03 6.494500000000000000e+04
1.649137999999999920e+03 6.497700000000000000e+04
1.645903999999999996e+03 6.504200000000000000e+04
1.642682000000000016e+03 6.505100000000000000e+04
1.639472999999999956e+03 6.495800000000000000e+04
1.636276000000000067e+03 6.509600000000000000e+04
1.633090999999999894e+03 6.501300000000000000e+04
1.629919000000000096e+03 6.513000000000000000e+04
1.626759999999999991e+03 6.510400000000000000e+04
1.623612000000000080e+03 6.509500000000000000e+04
1.620477000000000089e+03 6.517500000000000000e+04
1.617353000000000065e+03 6.511800000000000000e+04
1.614241999999999962e+03 6.528000000000000000e+04
1.611143000000000029e+03 6.506700000000000000e+04
1.608055000000000064e+03 6.511300000000000000e+04
1.604980000000000018e+03 6.519100000000000000e+04
1.601915999999999940e+03 6.521100000000000000e+04
1.598864000000000033e+03 6.524900000000000000e+04
1.595823000000000093e+03 6.524500000000000000e+04
1.592794000000000096e+03 6.524400000000000000e+04
1.589777000000000044e+03 6.532100000000000000e+04
1.586769999999999982e+03 6.530800000000000000e+04
1.583776000000000067e+03 6.531000000000000000e+04
1.580791999999999916e+03 6.544200000000000000e+04
1.577819999999999936e+03 6.548800000000000000e+04
1.574858999999999924e+03 6.542800000000000000e+04
1.571909000000000106e+03 6.565500000000000000e+04
1.568970000000000027e+03 6.565000000000000000e+04
1.566041999999999916e+03 6.572600000000000000e+04
1.563124000000000024e+03 6.581500000000000000e+04
1.560218000000000075e+03 6.601900000000000000e+04
1.557323000000000093e+03 6.595800000000000000e+04
1.554438000000000102e+03 6.596500000000000000e+04
1.551564000000000078e+03 6.609100000000000000e+04
1.548700000000000045e+03 6.606200000000000000e+04
1.545846999999999980e+03 6.610700000000000000e+04
1.543005000000000109e+03 6.602200000000000000e+04
1.540173000000000002e+03 6.587300000000000000e+04
1.537351000000000113e+03 6.598300000000000000e+04
1.534539999999999964e+03 6.600300000000000000e+04
1.531739000000000033e+03 6.586600000000000000e+04
1.528948000000000093e+03 6.611300000000000000e+04
1.526166999999999916e+03 6.601200000000000000e+04
1.523396999999999935e+03 6.615400000000000000e+04
1.520635999999999967e+03 6.628800000000000000e+04
1.517884999999999991e+03 6.640800000000000000e+04
1.515144999999999982e+03 6.652100000000000000e+04
1.512413999999999987e+03 6.698100000000000000e+04
1.509692999999999984e+03 6.701000000000000000e+04
1.506981999999999971e+03 6.737100000000000000e+04
1.504279999999999973e+03 6.765200000000000000e+04
1.501588999999999942e+03 6.792800000000000000e+04
1.498905999999999949e+03 6.807400000000000000e+04
1.496233999999999924e+03 6.812000000000000000e+04
1.493570999999999913e+03 6.800900000000000000e+04
1.490916999999999916e+03 6.805500000000000000e+04
1.488272999999999911e+03 6.782800000000000000e+04
1.485637999999999920e+03 6.765700000000000000e+04
1.483011999999999944e+03 6.731600000000000000e+04
1.480395999999999958e+03 6.704200000000000000e+04
1.477788999999999987e+03 6.681100000000000000e+04
1.475191000000000031e+03 6.660900000000000000e+04
1.472602000000000089e+03 6.650000000000000000e+04
1.470022999999999911e+03 6.638300000000000000e+04
1.467451999999999998e+03 6.617200000000000000e+04
1.464890000000000100e+03 6.608700000000000000e+04
1.462337999999999965e+03 6.592100000000000000e+04
1.459794000000000096e+03 6.598800000000000000e+04
1.457259000000000015e+03 6.588000000000000000e+04
1.454731999999999971e+03 6.580300000000000000e+04
1.452214999999999918e+03 6.580700000000000000e+04
1.449705999999999904e+03 6.572700000000000000e+04
1.447205999999999904e+03 6.574800000000000000e+04
1.444713999999999942e+03 6.571700000000000000e+04
1.442230999999999995e+03 6.567000000000000000e+04
1.439757000000000062e+03 6.567800000000000000e+04
1.437290999999999940e+03 6.558500000000000000e+04
1.434833000000000084e+03 6.563500000000000000e+04
1.432384000000000015e+03 6.562700000000000000e+04
1.429942999999999984e+03 6.552500000000000000e+04
1.427510999999999967e+03 6.548100000000000000e+04
1.425086000000000013e+03 6.549000000000000000e+04
1.422670000000000073e+03 6.546500000000000000e+04
1.420261999999999944e+03 6.561000000000000000e+04
1.417863000000000056e+03 6.546200000000000000e+04
1.415471000000000004e+03 6.547300000000000000e+04
1.413086999999999989e+03 6.547800000000000000e+04
1.410711999999999989e+03 6.549300000000000000e+04
1.408344000000000051e+03 6.547100000000000000e+04
1.405984999999999900e+03 6.541600000000000000e+04
1.403633000000000038e+03 6.533900000000000000e+04
1.401288999999999987e+03 6.539600000000000000e+04
1.398952999999999975e+03 6.544100000000000000e+04
1.396625000000000000e+03 6.541500000000000000e+04
1.394304000000000087e+03 6.539600000000000000e+04
1.391990999999999985e+03 6.541400000000000000e+04
1.389685999999999922e+03 6.536800000000000000e+04
1.387387999999999920e+03 6.533700000000000000e+04
1.385097999999999956e+03 6.534200000000000000e+04
1.382816000000000031e+03 6.542000000000000000e+04
1.380540999999999940e+03 6.538300000000000000e+04
1.378272999999999911e+03 6.536000000000000000e+04
1.376012999999999920e+03 6.537200000000000000e+04
1.373760999999999967e+03 6.535100000000000000e+04
1.371515000000000100e+03 6.565800000000000000e+04
1.369277000000000044e+03 6.531800000000000000e+04
1.367047000000000025e+03 6.524700000000000000e+04
1.364823000000000093e+03 6.534300000000000000e+04
1.362606999999999971e+03 6.522000000000000000e+04
1.360397999999999911e+03 6.544600000000000000e+04
1.358195999999999913e+03 6.517600000000000000e+04
1.356000999999999976e+03 6.516000000000000000e+04
1.353814000000000078e+03 6.523800000000000000e+04
1.351633000000000038e+03 6.514500000000000000e+04
1.349460000000000036e+03 6.514000000000000000e+04
1.347292999999999893e+03 6.519900000000000000e+04
1.345133000000000038e+03 6.512300000000000000e+04
1.342980000000000018e+03 6.519800000000000000e+04
1.340835000000000036e+03 6.514300000000000000e+04
1.338695999999999913e+03 6.510500000000000000e+04
1.336563000000000102e+03 6.524000000000000000e+04
1.334438000000000102e+03 6.526100000000000000e+04
1.332318999999999960e+03 6.516200000000000000e+04
1.330207000000000107e+03 6.520600000000000000e+04
1.328102000000000089e+03 6.514900000000000000e+04
1.326002999999999929e+03 6.514800000000000000e+04
1.323911000000000058e+03 6.514500000000000000e+04
1.321826000000000022e+03 6.515300000000000000e+04
1.319747000000000071e+03 6.517500000000000000e+04
1.317674999999999955e+03 6.519400000000000000e+04
1.315608999999999924e+03 6.514100000000000000e+04
1.313548999999999978e+03 6.524200000000000000e+04
1.311497000000000071e+03 6.513300000000000000e+04
1.309450000000000045e+03 6.522000000000000000e+04
1.307410000000000082e+03 6.519400000000000000e+04
1.305375999999999976e+03 6.513800000000000000e+04
1.303348999999999933e+03 6.516100000000000000e+04
1.301326999999999998e+03 6.522700000000000000e+04
1.299311999999999898e+03 6.520200000000000000e+04
1.297304000000000087e+03 6.513100000000000000e+04
1.295300999999999931e+03 6.516900000000000000e+04
1.293305000000000064e+03 6.523800000000000000e+04
1.291315000000000055e+03 6.511700000000000000e+04
1.289330999999999904e+03 6.517200000000000000e+04
1.287353000000000065e+03 6.521200000000000000e+04
1.285381000000000085e+03 6.528000000000000000e+04
1.283414999999999964e+03 6.525900000000000000e+04
1.281454999999999927e+03 6.519800000000000000e+04
1.279500999999999976e+03 6.524700000000000000e+04
1.277553000000000111e+03 6.520500000000000000e+04
1.275611000000000104e+03 6.522700000000000000e+04
1.273674999999999955e+03 6.529000000000000000e+04
1.271744999999999891e+03 6.531000000000000000e+04
1.269819999999999936e+03 6.536500000000000000e+04
1.267902000000000044e+03 6.519500000000000000e+04
1.265989000000000033e+03 6.533400000000000000e+04
1.264082000000000107e+03 6.536900000000000000e+04
1.262180000000000064e+03 6.528000000000000000e+04
1.260285000000000082e+03 6.545600000000000000e+04
1.258394999999999982e+03 6.537400000000000000e+04
1.256510999999999967e+03 6.548300000000000000e+04
1.254632000000000062e+03 6.561800000000000000e+04
1.252759000000000015e+03 6.557100000000000000e+04
1.250891000000000076e+03 6.558800000000000000e+04
1.249029999999999973e+03 6.572900000000000000e+04
1.247173000000000002e+03 6.586400000000000000e+04
1.245321999999999889e+03 6.589000000000000000e+04
1.243477000000000089e+03 6.594100000000000000e+04
1.241636999999999944e+03 6.599600000000000000e+04
1.239803000000000111e+03 6.593600000000000000e+04
1.237973999999999933e+03 6.603000000000000000e+04
1.236150000000000091e+03 6.606400000000000000e+04
1.234332000000000107e+03 6.598800000000000000e+04
1.232519000000000005e+03 6.581400000000000000e+04
1.230711000000000013e+03 6.572100000000000000e+04
1.228909000000000106e+03 6.575500000000000000e+04
1.227112000000000080e+03 6.568800000000000000e+04
1.225319999999999936e+03 6.553400000000000000e+04
1.223532999999999902e+03 6.549600000000000000e+04
1.221751999999999953e+03 6.552500000000000000e+04
1.219976000000000113e+03 6.537100000000000000e+04
1.218204999999999927e+03 6.541900000000000000e+04
1.216439000000000078e+03 6.534400000000000000e+04
1.214678000000000111e+03 6.534200000000000000e+04
1.212922000000000025e+03 6.531000000000000000e+04
1.211171000000000049e+03 6.530500000000000000e+04
1.209425999999999931e+03 6.528900000000000000e+04
1.207684999999999945e+03 6.529300000000000000e+04
1.205950000000000045e+03 6.530300000000000000e+04
1.204219000000000051e+03 6.528000000000000000e+04
1.202492999999999938e+03 6.518900000000000000e+04
1.200772999999999911e+03 6.514300000000000000e+04
1.199057000000000016e+03 6.527100000000000000e+04
1.197346000000000004e+03 6.524500000000000000e+04
1.195640000000000100e+03 6.544400000000000000e+04
1.193939000000000078e+03 6.525600000000000000e+04
1.192242999999999938e+03 6.516200000000000000e+04
1.190550999999999931e+03 6.519300000000000000e+04
1.188864000000000033e+03 6.519900000000000000e+04
1.187182000000000016e+03 6.524600000000000000e+04
1.185505000000000109e+03 6.514000000000000000e+04
1.183833000000000084e+03 6.519100000000000000e+04
1.182164999999999964e+03 6.510600000000000000e+04
1.180501999999999953e+03 6.519100000000000000e+04
1.178844000000000051e+03 6.517400000000000000e+04
1.177190000000000055e+03 6.513800000000000000e+04
1.175540999999999940e+03 6.513600000000000000e+04
1.173895999999999958e+03 6.516500000000000000e+04
1.172256000000000085e+03 6.525800000000000000e+04
1.170621000000000095e+03 6.514300000000000000e+04
1.168990000000000009e+03 6.510000000000000000e+04
1.167364000000000033e+03 6.535300000000000000e+04
1.165742999999999938e+03 6.513000000000000000e+04
1.164125000000000000e+03 6.520500000000000000e+04
1.162512999999999920e+03 6.514700000000000000e+04
1.160903999999999996e+03 6.514600000000000000e+04
1.159300999999999931e+03 6.521400000000000000e+04
1.157701000000000022e+03 6.518800000000000000e+04
1.156105999999999995e+03 6.515900000000000000e+04
1.154516000000000076e+03 6.528700000000000000e+04
1.152929000000000087e+03 6.518500000000000000e+04
1.151346999999999980e+03 6.521300000000000000e+04
1.149769999999999982e+03 6.522900000000000000e+04
1.148196999999999889e+03 6.518700000000000000e+04
1.146627999999999929e+03 6.518400000000000000e+04
1.145063000000000102e+03 6.520400000000000000e+04
1.143502999999999929e+03 6.516900000000000000e+04
1.141946999999999889e+03 6.508700000000000000e+04
1.140394999999999982e+03 6.536200000000000000e+04
1.138846999999999980e+03 6.518600000000000000e+04
1.137304000000000087e+03 6.519000000000000000e+04
1.135763999999999896e+03 6.511000000000000000e+04
1.134229000000000042e+03 6.524900000000000000e+04
1.132698000000000093e+03 6.521100000000000000e+04
1.131171000000000049e+03 6.518300000000000000e+04
1.129648999999999887e+03 6.518400000000000000e+04
1.128130000000000109e+03 6.523900000000000000e+04
1.126615000000000009e+03 6.525000000000000000e+04
1.125105000000000018e+03 6.519300000000000000e+04
1.123597999999999956e+03 6.526500000000000000e+04
1.122096000000000004e+03 6.519300000000000000e+04
1.120596999999999980e+03 6.526400000000000000e+04
1.119103000000000065e+03 6.531300000000000000e+04
1.117612000000000080e+03 6.545300000000000000e+04
1.116125999999999976e+03 6.536600000000000000e+04
1.114643000000000029e+03 6.531600000000000000e+04
1.113164999999999964e+03 6.531900000000000000e+04
1.111690000000000055e+03 6.532100000000000000e+04
1.110219000000000051e+03 6.527200000000000000e+04
1.108751999999999953e+03 6.540600000000000000e+04
1.107288999999999987e+03 6.532300000000000000e+04
1.105829999999999927e+03 6.534100000000000000e+04
1.104375000000000000e+03 6.528600000000000000e+04
1.102923000000000002e+03 6.536000000000000000e+04
1.101476000000000113e+03 6.534500000000000000e+04
1.100031999999999925e+03 6.539400000000000000e+04
1.098592000000000098e+03 6.537800000000000000e+04
1.097154999999999973e+03 6.540800000000000000e+04
1.095722999999999956e+03 6.538000000000000000e+04
1.094294000000000096e+03 6.543300000000000000e+04
1.092868999999999915e+03 6.552800000000000000e+04
1.091446999999999889e+03 6.555200000000000000e+04
1.090028999999999996e+03 6.569400000000000000e+04
1.088615000000000009e+03 6.563300000000000000e+04
1.087204999999999927e+03 6.554100000000000000e+04
1.085798000000000002e+03 6.554800000000000000e+04
1.084394999999999982e+03 6.561000000000000000e+04
1.082994999999999891e+03 6.564500000000000000e+04
1.081599999999999909e+03 6.566900000000000000e+04
1.080207000000000107e+03 6.559900000000000000e+04
1.078818999999999960e+03 6.561300000000000000e+04
1.077432999999999993e+03 6.569700000000000000e+04
1.076051999999999907e+03 6.570000000000000000e+04
1.074673999999999978e+03 6.572600000000000000e+04
1.073298999999999978e+03 6.582100000000000000e+04
1.071928000000000111e+03 6.571200000000000000e+04
1.070560999999999922e+03 6.571000000000000000e+04
1.069196999999999889e+03 6.590200000000000000e+04
1.067836000000000013e+03 6.605900000000000000e+04
1.066479000000000042e+03 6.625600000000000000e+04
1.065125000000000000e+03 6.627900000000000000e+04
1.063775000000000091e+03 6.637000000000000000e+04
1.062428000000000111e+03 6.650300000000000000e+04
1.061085000000000036e+03 6.650400000000000000e+04
1.059744999999999891e+03 6.665200000000000000e+04
1.058407999999999902e+03 6.663700000000000000e+04
1.057075000000000045e+03 6.660600000000000000e+04
1.055744999999999891e+03 6.661300000000000000e+04
1.054417999999999893e+03 6.655100000000000000e+04
1.053095000000000027e+03 6.653800000000000000e+04
1.051775000000000091e+03 6.647500000000000000e+04
1.050458000000000084e+03 6.637500000000000000e+04
1.049144999999999982e+03 6.628900000000000000e+04
1.047835000000000036e+03 6.621300000000000000e+04
1.046528000000000020e+03 6.600200000000000000e+04
1.045224999999999909e+03 6.614600000000000000e+04
1.043923999999999978e+03 6.599900000000000000e+04
1.042626999999999953e+03 6.600400000000000000e+04
1.041334000000000060e+03 6.602700000000000000e+04
1.040042999999999893e+03 6.600800000000000000e+04
1.038755000000000109e+03 6.606700000000000000e+04
1.037471000000000004e+03 6.601400000000000000e+04
1.036190000000000055e+03 6.610100000000000000e+04
1.034912000000000035e+03 6.629800000000000000e+04
1.033636999999999944e+03 6.644300000000000000e+04
1.032365999999999985e+03 6.645800000000000000e+04
1.031096999999999980e+03 6.663500000000000000e+04
1.029832000000000107e+03 6.682000000000000000e+04
1.028569999999999936e+03 6.696000000000000000e+04
1.027309999999999945e+03 6.697000000000000000e+04
1.026054000000000087e+03 6.702000000000000000e+04
1.024800999999999931e+03 6.693000000000000000e+04
1.023551000000000045e+03 6.688200000000000000e+04
1.022303999999999974e+03 6.680700000000000000e+04
1.021059999999999945e+03 6.674700000000000000e+04
1.019818999999999960e+03 6.644800000000000000e+04
1.018581999999999994e+03 6.622900000000000000e+04
1.017346999999999980e+03 6.608600000000000000e+04
1.016115000000000009e+03 6.620800000000000000e+04
1.014885999999999967e+03 6.591400000000000000e+04
1.013659999999999968e+03 6.584100000000000000e+04
1.012437000000000012e+03 6.565000000000000000e+04
1.011216999999999985e+03 6.562100000000000000e+04
1.010000000000000000e+03 6.564100000000000000e+04
1.008785999999999945e+03 6.543900000000000000e+04
1.007573999999999955e+03 6.544600000000000000e+04
1.006365999999999985e+03 6.542700000000000000e+04
1.005160999999999945e+03 6.539800000000000000e+04
1.003957999999999970e+03 6.528500000000000000e+04
1.002758000000000038e+03 6.531300000000000000e+04
1.001561000000000035e+03 6.520600000000000000e+04
1.000366999999999962e+03 6.534200000000000000e+04
9.991760000000000446e+02 6.537200000000000000e+04
9.979880000000000564e+02 6.529400000000000000e+04
9.968029999999999973e+02 6.530300000000000000e+04
9.956200000000000045e+02 6.534000000000000000e+04
9.944400000000000546e+02 6.529400000000000000e+04
9.932630000000000337e+02 6.530300000000000000e+04
9.920890000000000555e+02 6.532500000000000000e+04
9.909170000000000300e+02 6.540500000000000000e+04
9.897480000000000473e+02 6.528500000000000000e+04
9.885819999999999936e+02 6.530000000000000000e+04
9.874189999999999827e+02 6.522400000000000000e+04
9.862590000000000146e+02 6.515400000000000000e+04
9.851009999999999991e+02 6.522100000000000000e+04
9.839460000000000264e+02 6.518400000000000000e+04
9.827930000000000064e+02 6.515100000000000000e+04
9.816440000000000055e+02 6.510200000000000000e+04
9.804969999999999573e+02 6.506100000000000000e+04
9.793519999999999754e+02 6.515100000000000000e+04
9.782110000000000127e+02 6.509200000000000000e+04
9.770720000000000027e+02 6.505500000000000000e+04
9.759349999999999454e+02 6.504500000000000000e+04
9.748020000000000209e+02 6.507800000000000000e+04
9.736710000000000491e+02 6.499400000000000000e+04
9.725420000000000300e+02 6.509600000000000000e+04
9.714160000000000537e+02 6.511800000000000000e+04
9.702930000000000064e+02 6.515500000000000000e+04
9.691720000000000255e+02 6.504300000000000000e+04
9.680539999999999736e+02 6.504300000000000000e+04
9.669389999999999645e+02 6.510600000000000000e+04
9.658260000000000218e+02 6.503500000000000000e+04
9.647160000000000082e+02 6.503100000000000000e+04
9.636079999999999472e+02 6.500400000000000000e+04
9.625030000000000427e+02 6.507000000000000000e+04
9.613999999999999773e+02 6.508900000000000000e+04
9.602999999999999545e+02 6.508400000000000000e+04
9.592019999999999982e+02 6.503200000000000000e+04
9.581069999999999709e+02 6.502800000000000000e+04
9.570140000000000100e+02 6.502000000000000000e+04
9.559239999999999782e+02 6.496800000000000000e+04
9.548360000000000127e+02 6.496800000000000000e+04
9.537509999999999764e+02 6.508100000000000000e+04
9.526680000000000064e+02 6.510600000000000000e+04
9.515879999999999654e+02 6.501800000000000000e+04
9.505099999999999909e+02 6.508000000000000000e+04
9.494349999999999454e+02 6.500300000000000000e+04
9.483619999999999663e+02 6.503800000000000000e+04
9.472910000000000537e+02 6.498500000000000000e+04
9.462229999999999563e+02 6.511200000000000000e+04
9.451570000000000391e+02 6.497600000000000000e+04
9.440940000000000509e+02 6.500600000000000000e+04
9.430330000000000155e+02 6.503700000000000000e+04
9.419740000000000464e+02 6.764300000000000000e+04
9.409180000000000064e+02 6.506200000000000000e+04
9.398640000000000327e+02 6.517900000000000000e+04
9.388129999999999882e+02 6.509900000000000000e+04
9.377640000000000100e+02 6.511400000000000000e+04
9.367169999999999845e+02 6.509100000000000000e+04
9.356720000000000255e+02 6.514200000000000000e+04
9.346299999999999955e+02 6.510600000000000000e+04
9.335900000000000318e+02 6.524600000000000000e+04
9.325529999999999973e+02 6.518600000000000000e+04
9.315180000000000291e+02 6.522500000000000000e+04
9.304850000000000136e+02 6.538700000000000000e+04
9.294539999999999509e+02 6.526500000000000000e+04
9.284260000000000446e+02 6.537700000000000000e+04
9.273999999999999773e+02 6.549500000000000000e+04
9.263759999999999764e+02 6.554600000000000000e+04
9.253540000000000418e+02 6.581600000000000000e+04
9.243350000000000364e+02 6.603000000000000000e+04
9.233179999999999836e+02 6.640600000000000000e+04
9.223029999999999973e+02 6.684700000000000000e+04
9.212910000000000537e+02 6.732500000000000000e+04
9.202799999999999727e+02 6.768600000000000000e+04
9.192720000000000482e+02 6.820100000000000000e+04
9.182659999999999627e+02 6.854200000000000000e+04
9.172619999999999436e+02 6.875700000000000000e+04
9.162609999999999673e+02 6.867500000000000000e+04
9.152609999999999673e+02 6.844800000000000000e+04
9.142640000000000100e+02 6.818800000000000000e+04
9.132690000000000055e+02 6.774700000000000000e+04
9.122759999999999536e+02 6.717700000000000000e+04
9.112859999999999445e+02 6.674600000000000000e+04
9.102970000000000255e+02 6.635200000000000000e+04
9.093110000000000355e+02 6.596700000000000000e+04
9.083260000000000218e+02 6.570100000000000000e+04
9.073440000000000509e+02 6.547400000000000000e+04
9.063640000000000327e+02 6.534200000000000000e+04
9.053859999999999673e+02 6.530900000000000000e+04
9.044109999999999445e+02 6.518300000000000000e+04
9.034370000000000118e+02 6.521800000000000000e+04
9.024650000000000318e+02 6.509400000000000000e+04
9.014959999999999809e+02 6.499300000000000000e+04
9.005280000000000200e+02 6.498900000000000000e+04
8.995629999999999882e+02 6.498800000000000000e+04
8.986000000000000227e+02 6.491800000000000000e+04
8.976380000000000337e+02 6.487400000000000000e+04
8.966789999999999736e+02 6.489100000000000000e+04
8.957219999999999800e+02 6.483900000000000000e+04
8.947670000000000528e+02 6.483600000000000000e+04
8.938139999999999645e+02 6.482500000000000000e+04
8.928630000000000564e+02 6.486400000000000000e+04
8.919139999999999873e+02 6.472300000000000000e+04
8.909669999999999845e+02 6.484100000000000000e+04
8.900220000000000482e+02 6.484600000000000000e+04
8.890789999999999509e+02 6.471700000000000000e+04
8.881380000000000337e+02 6.475300000000000000e+04
8.871989999999999554e+02 6.588600000000000000e+04
8.862619999999999436e+02 6.474900000000000000e+04
8.853269999999999982e+02 6.476000000000000000e+04
8.843940000000000055e+02 6.470100000000000000e+04
8.834629999999999654e+02 6.471000000000000000e+04
8.825339999999999918e+02 6.465200000000000000e+04
8.816069999999999709e+02 6.474800000000000000e+04
8.806810000000000400e+02 6.470100000000000000e+04
8.797580000000000382e+02 6.473700000000000000e+04
8.788369999999999891e+02 6.467900000000000000e+04
8.779170000000000300e+02 6.468500000000000000e+04
8.770000000000000000e+02 6.471200000000000000e+04
8.760839999999999463e+02 6.471000000000000000e+04
8.751699999999999591e+02 6.466800000000000000e+04
8.742590000000000146e+02 6.466300000000000000e+04
8.733490000000000464e+02 6.469400000000000000e+04
8.724410000000000309e+02 6.471600000000000000e+04
8.715349999999999682e+02 6.464600000000000000e+04
8.706299999999999955e+02 6.466000000000000000e+04
8.697279999999999518e+02 6.462800000000000000e+04
8.688279999999999745e+02 6.463000000000000000e+04
8.679289999999999736e+02 6.450300000000000000e+04
8.670320000000000391e+02 6.458000000000000000e+04
8.661369999999999436e+02 6.453700000000000000e+04
8.652440000000000282e+02 6.474300000000000000e+04
8.643529999999999518e+02 6.464800000000000000e+04
8.634640000000000555e+02 6.466800000000000000e+04
8.625760000000000218e+02 6.461100000000000000e+04
8.616900000000000546e+02 6.469700000000000000e+04
8.608060000000000400e+02 6.467300000000000000e+04
8.599239999999999782e+02 6.459000000000000000e+04
8.590439999999999827e+02 6.468000000000000000e+04
8.581649999999999636e+02 6.468200000000000000e+04
8.572889999999999873e+02 6.453000000000000000e+04
8.564139999999999873e+02 6.463700000000000000e+04
8.555410000000000537e+02 6.462300000000000000e+04
8.546689999999999827e+02 6.458400000000000000e+04
8.537999999999999545e+02 6.468300000000000000e+04
8.529320000000000164e+02 6.471000000000000000e+04
8.520660000000000309e+02 6.476500000000000000e+04
8.512010000000000218e+02 6.466900000000000000e+04
8.503390000000000555e+02 6.463700000000000000e+04
8.494779999999999518e+02 6.471600000000000000e+04
8.486190000000000282e+02 6.463500000000000000e+04
8.477619999999999436e+02 6.467700000000000000e+04
8.469059999999999491e+02 6.468800000000000000e+04
8.460520000000000209e+02 6.473600000000000000e+04
8.452000000000000455e+02 6.469600000000000000e+04
8.443500000000000227e+02 6.472100000000000000e+04
8.435009999999999764e+02 6.485400000000000000e+04
8.426539999999999964e+02 6.484000000000000000e+04
8.418089999999999691e+02 6.490200000000000000e+04
8.409650000000000318e+02 6.479600000000000000e+04
8.401230000000000473e+02 6.479800000000000000e+04
8.392830000000000155e+02 6.478600000000000000e+04
8.384439999999999600e+02 6.486100000000000000e+04
8.376069999999999709e+02 6.480100000000000000e+04
8.367720000000000482e+02 6.478900000000000000e+04
8.359379999999999882e+02 6.475400000000000000e+04
8.351069999999999709e+02 6.490400000000000000e+04
8.342759999999999536e+02 6.469500000000000000e+04
8.334479999999999791e+02 6.475200000000000000e+04
8.326209999999999809e+02 6.479100000000000000e+04
8.317949999999999591e+02 6.475300000000000000e+04
8.309719999999999800e+02 6.487600000000000000e+04
8.301499999999999773e+02 6.473700000000000000e+04
8.293289999999999509e+02 6.476000000000000000e+04
8.285099999999999909e+02 6.474900000000000000e+04
8.276929999999999836e+02 6.476200000000000000e+04
8.268780000000000427e+02 6.475700000000000000e+04
8.260639999999999645e+02 6.478200000000000000e+04
8.252509999999999764e+02 6.483800000000000000e+04
8.244400000000000546e+02 6.470200000000000000e+04
8.236309999999999718e+02 6.482600000000000000e+04
8.228239999999999554e+02 6.478400000000000000e+04
8.220180000000000291e+02 6.484500000000000000e+04
8.212129999999999654e+02 6.477000000000000000e+04
8.204099999999999682e+02 6.464800000000000000e+04
8.196090000000000373e+02 6.483900000000000000e+04
8.188089999999999691e+02 6.463100000000000000e+04
8.180109999999999673e+02 6.490400000000000000e+04
8.172140000000000555e+02 6.481500000000000000e+04
8.164189999999999827e+02 6.487700000000000000e+04
8.156259999999999764e+02 6.494000000000000000e+04
8.148339999999999463e+02 6.497100000000000000e+04
8.140430000000000064e+02 6.504000000000000000e+04
8.132540000000000191e+02 6.485200000000000000e+04
8.124669999999999845e+02 6.481700000000000000e+04
8.116810000000000400e+02 6.461700000000000000e+04
8.108970000000000482e+02 6.460700000000000000e+04
8.101140000000000327e+02 6.462800000000000000e+04
8.093329999999999700e+02 6.455300000000000000e+04
8.085529999999999973e+02 6.461400000000000000e+04
8.077740000000000009e+02 6.435600000000000000e+04
8.069980000000000473e+02 6.432800000000000000e+04
8.062219999999999800e+02 6.424400000000000000e+04
8.054479999999999791e+02 6.418900000000000000e+04
8.046760000000000446e+02 6.424400000000000000e+04
8.039049999999999727e+02 6.426200000000000000e+04
8.031359999999999673e+02 6.420500000000000000e+04
8.023680000000000518e+02 6.438000000000000000e+04
8.016009999999999991e+02 6.442500000000000000e+04
8.008360000000000127e+02 6.446200000000000000e+04
8.000729999999999791e+02 6.466400000000000000e+04
7.993110000000000355e+02 6.487700000000000000e+04
7.985499999999999545e+02 6.475800000000000000e+04
7.977910000000000537e+02 6.463800000000000000e+04
7.970330000000000155e+02 6.459000000000000000e+04
7.962770000000000437e+02 6.451700000000000000e+04
7.955220000000000482e+02 6.459500000000000000e+04
7.947690000000000055e+02 6.452600000000000000e+04
7.940170000000000528e+02 6.453500000000000000e+04
7.932659999999999627e+02 6.466600000000000000e+04
7.925170000000000528e+02 6.461600000000000000e+04
7.917690000000000055e+02 6.466800000000000000e+04
7.910230000000000246e+02 6.471400000000000000e+04
7.902780000000000200e+02 6.475600000000000000e+04
7.895339999999999918e+02 6.471900000000000000e+04
7.887920000000000300e+02 6.498200000000000000e+04
7.880510000000000446e+02 6.471400000000000000e+04
7.873120000000000118e+02 6.462800000000000000e+04
7.865739999999999554e+02 6.464900000000000000e+04
7.858369999999999891e+02 6.455800000000000000e+04
7.851019999999999754e+02 6.453900000000000000e+04
7.843680000000000518e+02 6.452600000000000000e+04
7.836359999999999673e+02 6.440400000000000000e+04
7.829049999999999727e+02 6.438700000000000000e+04
7.821749999999999545e+02 6.437700000000000000e+04
7.814460000000000264e+02 6.447000000000000000e+04
7.807190000000000509e+02 6.443500000000000000e+04
7.799940000000000282e+02 6.458000000000000000e+04
7.792690000000000055e+02 6.462200000000000000e+04
7.785460000000000491e+02 6.470100000000000000e+04
7.778250000000000455e+02 6.462700000000000000e+04
7.771040000000000418e+02 6.485100000000000000e+04
7.763849999999999909e+02 6.493700000000000000e+04
7.756680000000000064e+02 6.503400000000000000e+04
7.749510000000000218e+02 6.510900000000000000e+04
7.742359999999999900e+02 6.512500000000000000e+04
7.735230000000000246e+02 6.515800000000000000e+04
7.728099999999999454e+02 6.514500000000000000e+04
7.720990000000000464e+02 6.517400000000000000e+04
7.713899999999999864e+02 6.520400000000000000e+04
7.706810000000000400e+02 6.518700000000000000e+04
7.699740000000000464e+02 6.512400000000000000e+04
7.692680000000000291e+02 6.511200000000000000e+04
7.685639999999999645e+02 6.502300000000000000e+04
7.678600000000000136e+02 6.513600000000000000e+04
7.671580000000000155e+02 6.510400000000000000e+04
7.664579999999999700e+02 6.524100000000000000e+04
7.657580000000000382e+02 6.514100000000000000e+04
7.650599999999999454e+02 6.520900000000000000e+04
7.643630000000000564e+02 6.528600000000000000e+04
7.636680000000000064e+02 6.526600000000000000e+04
7.629729999999999563e+02 6.535500000000000000e+04
7.622799999999999727e+02 6.574700000000000000e+04
7.615879999999999654e+02 6.566800000000000000e+04
7.608980000000000246e+02 6.571800000000000000e+04
7.602079999999999700e+02 6.561500000000000000e+04
7.595199999999999818e+02 6.564700000000000000e+04
7.588339999999999463e+02 6.563400000000000000e+04
7.581480000000000246e+02 6.572200000000000000e+04
7.574640000000000555e+02 6.579600000000000000e+04
7.567809999999999491e+02 6.584800000000000000e+04
7.560990000000000464e+02 6.583600000000000000e+04
7.554180000000000064e+02 6.566600000000000000e+04
7.547390000000000327e+02 6.543900000000000000e+04
7.540599999999999454e+02 6.541600000000000000e+04
7.533830000000000382e+02 6.524300000000000000e+04
7.527079999999999700e+02 6.523900000000000000e+04
7.520330000000000155e+02 6.540000000000000000e+04
7.513600000000000136e+02 6.545800000000000000e+04
7.506870000000000118e+02 6.555300000000000000e+04
7.500170000000000528e+02 6.557600000000000000e+04
7.493469999999999800e+02 6.565200000000000000e+04
7.486779999999999973e+02 6.578000000000000000e+04
7.480109999999999673e+02 6.585100000000000000e+04
7.473450000000000273e+02 6.564300000000000000e+04
7.466799999999999500e+02 6.557800000000000000e+04
7.460159999999999627e+02 6.559200000000000000e+04
7.453529999999999518e+02 6.545300000000000000e+04
7.446920000000000073e+02 6.515500000000000000e+04
7.440320000000000391e+02 6.493400000000000000e+04
7.433719999999999573e+02 6.484700000000000000e+04
7.427140000000000555e+02 6.479400000000000000e+04
7.420579999999999927e+02 6.486000000000000000e+04
7.414020000000000437e+02 6.492600000000000000e+04
7.407480000000000473e+02 6.488700000000000000e+04
7.400940000000000509e+02 6.499000000000000000e+04
7.394420000000000073e+02 6.499800000000000000e+04
7.387910000000000537e+02 6.504200000000000000e+04
7.381409999999999627e+02 6.503000000000000000e+04
7.374930000000000518e+02 6.507300000000000000e+04
7.368450000000000273e+02 6.501400000000000000e+04
7.361989999999999554e+02 6.500700000000000000e+04
7.355529999999999973e+02 6.488700000000000000e+04
7.349089999999999918e+02 6.483400000000000000e+04
7.342659999999999627e+02 6.475300000000000000e+04
7.336240000000000236e+02 6.461600000000000000e+04
7.329829999999999472e+02 6.458800000000000000e+04
7.323440000000000509e+02 6.447400000000000000e+04
7.317050000000000409e+02 6.447300000000000000e+04
7.310679999999999836e+02 6.468700000000000000e+04
7.304310000000000400e+02 6.455400000000000000e+04
7.297960000000000491e+02 6.463900000000000000e+04
7.291620000000000346e+02 6.477100000000000000e+04
7.285289999999999964e+02 6.471900000000000000e+04
7.278970000000000482e+02 6.476000000000000000e+04
7.272659999999999627e+02 6.475200000000000000e+04
7.266359999999999673e+02 6.479800000000000000e+04
7.260080000000000382e+02 6.486800000000000000e+04
7.253799999999999955e+02 6.485300000000000000e+04
7.247530000000000427e+02 6.490300000000000000e+04
7.241280000000000427e+02 6.485600000000000000e+04
7.235040000000000191e+02 6.486800000000000000e+04
7.228799999999999955e+02 6.482400000000000000e+04
7.222580000000000382e+02 6.473500000000000000e+04
7.216369999999999436e+02 6.462200000000000000e+04
7.210170000000000528e+02 6.472400000000000000e+04
7.203980000000000246e+02 6.466400000000000000e+04
7.197799999999999727e+02 6.466900000000000000e+04
7.191630000000000109e+02 6.464100000000000000e+04
7.185480000000000018e+02 6.474600000000000000e+04
7.179329999999999927e+02 6.487500000000000000e+04
7.173189999999999600e+02 6.480200000000000000e+04
7.167060000000000173e+02 6.487700000000000000e+04
7.160950000000000273e+02 6.484400000000000000e+04
7.154840000000000373e+02 6.478700000000000000e+04
7.148750000000000000e+02 6.483600000000000000e+04
7.142659999999999627e+02 6.501100000000000000e+04
7.136589999999999918e+02 6.500300000000000000e+04
7.130520000000000209e+02 6.507100000000000000e+04
7.124470000000000027e+02 6.514000000000000000e+04
7.118429999999999609e+02 6.517600000000000000e+04
7.112390000000000327e+02 6.528600000000000000e+04
7.106369999999999436e+02 6.522400000000000000e+04
7.100359999999999445e+02 6.532800000000000000e+04
7.094349999999999454e+02 6.541000000000000000e+04
7.088360000000000127e+02 6.553500000000000000e+04
7.082380000000000564e+02 6.542700000000000000e+04
7.076409999999999627e+02 6.565100000000000000e+04
7.070439999999999827e+02 6.576400000000000000e+04
7.064489999999999554e+02 6.582800000000000000e+04
7.058550000000000182e+02 6.601700000000000000e+04
7.052619999999999436e+02 6.588700000000000000e+04
7.046689999999999827e+02 6.595600000000000000e+04
7.040779999999999745e+02 6.606200000000000000e+04
7.034880000000000564e+02 6.607400000000000000e+04
7.028990000000000009e+02 6.609200000000000000e+04
7.023099999999999454e+02 6.634000000000000000e+04
7.017229999999999563e+02 6.636600000000000000e+04
7.011369999999999436e+02 6.646000000000000000e+04
7.005510000000000446e+02 6.645100000000000000e+04
6.999669999999999845e+02 6.627900000000000000e+04
6.993840000000000146e+02 6.615600000000000000e+04
6.988010000000000446e+02 6.599400000000000000e+04
6.982200000000000273e+02 6.581300000000000000e+04
6.976390000000000100e+02 6.564300000000000000e+04
6.970599999999999454e+02 6.556300000000000000e+04
6.964809999999999945e+02 6.551400000000000000e+04
6.959039999999999964e+02 6.526800000000000000e+04
6.953269999999999982e+02 6.534900000000000000e+04
6.947509999999999764e+02 6.534600000000000000e+04
6.941770000000000209e+02 6.534200000000000000e+04
6.936029999999999518e+02 6.551900000000000000e+04
6.930299999999999727e+02 6.595600000000000000e+04
6.924579999999999700e+02 6.564000000000000000e+04
6.918869999999999436e+02 6.581700000000000000e+04
6.913170000000000073e+02 6.586400000000000000e+04
6.907480000000000473e+02 6.610800000000000000e+04
6.901799999999999500e+02 6.611900000000000000e+04
6.896130000000000564e+02 6.646300000000000000e+04
6.890470000000000255e+02 6.648300000000000000e+04
6.884809999999999945e+02 6.681900000000000000e+04
6.879170000000000300e+02 6.701400000000000000e+04
6.873529999999999518e+02 6.726800000000000000e+04
6.867910000000000537e+02 6.766800000000000000e+04
6.862290000000000418e+02 6.789600000000000000e+04
6.856689999999999827e+02 6.830300000000000000e+04
6.851090000000000373e+02 6.871800000000000000e+04
6.845499999999999545e+02 6.934400000000000000e+04
6.839919999999999618e+02 6.943600000000000000e+04
6.834349999999999454e+02 6.989900000000000000e+04
6.828790000000000191e+02 7.019200000000000000e+04
6.823229999999999791e+02 7.012600000000000000e+04
6.817690000000000055e+02 7.012100000000000000e+04
6.812160000000000082e+02 6.997200000000000000e+04
6.806630000000000109e+02 7.008200000000000000e+04
6.801109999999999900e+02 7.016700000000000000e+04
6.795610000000000355e+02 7.014100000000000000e+04
6.790109999999999673e+02 6.964200000000000000e+04
6.784619999999999891e+02 6.955400000000000000e+04
6.779139999999999873e+02 6.912800000000000000e+04
6.773659999999999854e+02 6.898400000000000000e+04
6.768200000000000500e+02 6.837200000000000000e+04
6.762749999999999773e+02 6.831600000000000000e+04
6.757300000000000182e+02 6.779500000000000000e+04
6.751860000000000355e+02 6.753900000000000000e+04
6.746440000000000055e+02 6.728600000000000000e+04
6.741019999999999754e+02 6.711000000000000000e+04
6.735599999999999454e+02 6.699000000000000000e+04
6.730199999999999818e+02 6.676300000000000000e+04
6.724809999999999945e+02 6.677000000000000000e+04
6.719420000000000073e+02 6.653300000000000000e+04
6.714049999999999727e+02 6.617000000000000000e+04
6.708680000000000518e+02 6.605100000000000000e+04
6.703319999999999936e+02 6.587700000000000000e+04
6.697970000000000255e+02 6.580000000000000000e+04
6.692630000000000337e+02 6.576400000000000000e+04
6.687300000000000182e+02 6.562300000000000000e+04
6.681970000000000027e+02 6.549700000000000000e+04
6.676649999999999636e+02 6.546400000000000000e+04
6.671349999999999909e+02 6.549900000000000000e+04
6.666050000000000182e+02 6.545500000000000000e+04
6.660760000000000218e+02 6.559300000000000000e+04
6.655470000000000255e+02 6.559300000000000000e+04
6.650199999999999818e+02 6.595400000000000000e+04
6.644930000000000518e+02 6.654700000000000000e+04
6.639669999999999845e+02 6.702200000000000000e+04
6.634420000000000073e+02 6.756700000000000000e+04
6.629180000000000064e+02 6.836700000000000000e+04
6.623949999999999818e+02 6.925700000000000000e+04
6.618730000000000473e+02 6.966400000000000000e+04
6.613509999999999991e+02 7.018500000000000000e+04
6.608300000000000409e+02 7.077400000000000000e+04
6.603099999999999454e+02 7.134900000000000000e+04
6.597910000000000537e+02 7.162400000000000000e+04
6.592730000000000246e+02 7.140400000000000000e+04
6.587549999999999955e+02 7.122100000000000000e+04
6.582380000000000564e+02 7.097700000000000000e+04
6.577219999999999800e+02 7.090000000000000000e+04
6.572069999999999936e+02 7.067300000000000000e+04
6.566929999999999836e+02 7.022600000000000000e+04
6.561799999999999500e+02 7.015400000000000000e+04
6.556670000000000300e+02 6.990600000000000000e+04
6.551549999999999727e+02 6.998200000000000000e+04
6.546440000000000055e+02 6.994000000000000000e+04
6.541330000000000382e+02 7.003200000000000000e+04
6.536240000000000236e+02 6.966100000000000000e+04
6.531150000000000091e+02 6.975100000000000000e+04
6.526069999999999709e+02 6.991800000000000000e+04
6.521000000000000227e+02 7.016600000000000000e+04
6.515940000000000509e+02 7.103200000000000000e+04
6.510879999999999654e+02 7.225600000000000000e+04
6.505829999999999700e+02 7.260100000000000000e+04
6.500789999999999509e+02 7.252600000000000000e+04
6.495760000000000218e+02 7.304100000000000000e+04
6.490739999999999554e+02 7.507100000000000000e+04
6.485720000000000027e+02 7.592300000000000000e+04
6.480710000000000264e+02 7.830700000000000000e+04
6.475710000000000264e+02 7.887100000000000000e+04
6.470720000000000027e+02 7.736500000000000000e+04
6.465729999999999791e+02 7.483200000000000000e+04
6.460750000000000455e+02 7.397200000000000000e+04
6.455779999999999745e+02 7.519400000000000000e+04
6.450819999999999936e+02 7.565600000000000000e+04
6.445869999999999891e+02 7.708000000000000000e+04
6.440919999999999845e+02 7.533000000000000000e+04
6.435979999999999563e+02 7.421400000000000000e+04
6.431050000000000182e+02 7.565800000000000000e+04
6.426119999999999663e+02 7.796600000000000000e+04
6.421200000000000045e+02 7.651100000000000000e+04
6.416290000000000191e+02 7.397100000000000000e+04
6.411390000000000100e+02 7.290400000000000000e+04
6.406499999999999773e+02 7.270000000000000000e+04
6.401609999999999445e+02 7.324000000000000000e+04
6.396730000000000018e+02 7.395100000000000000e+04
6.391860000000000355e+02 7.279900000000000000e+04
6.386989999999999554e+02 7.169700000000000000e+04
6.382129999999999654e+02 7.128700000000000000e+04
6.377279999999999518e+02 7.199200000000000000e+04
6.372440000000000282e+02 7.230900000000000000e+04
6.367609999999999673e+02 7.225600000000000000e+04
6.362780000000000200e+02 7.161300000000000000e+04
6.357960000000000491e+02 7.169900000000000000e+04
6.353139999999999645e+02 7.214800000000000000e+04
6.348339999999999463e+02 7.236600000000000000e+04
6.343540000000000418e+02 7.204900000000000000e+04
6.338750000000000000e+02 7.223000000000000000e+04
6.333959999999999582e+02 7.274300000000000000e+04
6.329180000000000064e+02 7.356500000000000000e+04
6.324410000000000309e+02 7.385500000000000000e+04
6.319650000000000318e+02 7.540500000000000000e+04
6.314900000000000091e+02 7.724700000000000000e+04
6.310149999999999864e+02 7.786200000000000000e+04
6.305410000000000537e+02 7.931300000000000000e+04
6.300670000000000073e+02 8.012000000000000000e+04
6.295940000000000509e+02 8.283500000000000000e+04
6.291219999999999573e+02 8.311200000000000000e+04
6.286509999999999536e+02 8.092300000000000000e+04
6.281799999999999500e+02 7.896700000000000000e+04
6.277110000000000127e+02 7.687100000000000000e+04
6.272409999999999854e+02 7.438700000000000000e+04
6.267730000000000246e+02 7.293700000000000000e+04
6.263049999999999500e+02 7.250100000000000000e+04
6.258379999999999654e+02 7.227000000000000000e+04
6.253719999999999573e+02 7.257300000000000000e+04
6.249059999999999491e+02 7.401400000000000000e+04
6.244410000000000309e+02 7.505400000000000000e+04
6.239769999999999754e+02 7.714900000000000000e+04
6.235130000000000337e+02 8.146500000000000000e+04
6.230499999999999545e+02 8.697100000000000000e+04
6.225879999999999654e+02 8.969400000000000000e+04
6.221259999999999764e+02 9.146200000000000000e+04
6.216649999999999636e+02 9.706400000000000000e+04
6.212050000000000409e+02 9.882500000000000000e+04
6.207459999999999809e+02 9.100800000000000000e+04
6.202870000000000346e+02 8.635800000000000000e+04
6.198289999999999509e+02 8.619000000000000000e+04
6.193709999999999809e+02 8.676200000000000000e+04
6.189139999999999873e+02 8.615000000000000000e+04
6.184579999999999700e+02 8.767400000000000000e+04
6.180030000000000427e+02 9.211000000000000000e+04
6.175480000000000018e+02 9.837400000000000000e+04
6.170940000000000509e+02 1.085430000000000000e+05
6.166399999999999864e+02 1.184120000000000000e+05
6.161870000000000118e+02 1.339900000000000000e+05
6.157350000000000136e+02 1.578880000000000000e+05
6.152839999999999918e+02 1.865980000000000000e+05
6.148329999999999700e+02 2.501610000000000000e+05
6.143830000000000382e+02 3.857210000000000000e+05
6.139329999999999927e+02 6.338620000000000000e+05
6.134850000000000136e+02 1.000057000000000000e+06
6.130359999999999445e+02 1.731631000000000000e+06
6.125890000000000555e+02 3.141286000000000000e+06
6.121420000000000528e+02 4.569400000000000000e+06
6.116960000000000264e+02 4.760234000000000000e+06
6.112500000000000000e+02 4.673144000000000000e+06
6.108049999999999500e+02 4.849202000000000000e+06
6.103609999999999900e+02 4.655569000000000000e+06
6.099170000000000300e+02 3.343373000000000000e+06
6.094740000000000464e+02 3.173646000000000000e+06
6.090320000000000391e+02 2.894605000000000000e+06
6.085900000000000318e+02 1.935906000000000000e+06
6.081490000000000009e+02 1.214749000000000000e+06
6.077089999999999463e+02 9.626210000000000000e+05
6.072690000000000055e+02 7.698030000000000000e+05
6.068300000000000409e+02 5.244320000000000000e+05
6.063909999999999627e+02 3.677590000000000000e+05
6.059539999999999509e+02 2.680180000000000000e+05
6.055159999999999627e+02 1.994550000000000000e+05
6.050800000000000409e+02 1.587520000000000000e+05
6.046440000000000055e+02 1.333790000000000000e+05
6.042079999999999700e+02 1.143350000000000000e+05
6.037740000000000009e+02 1.026020000000000000e+05
6.033390000000000555e+02 9.602900000000000000e+04
6.029059999999999491e+02 9.231900000000000000e+04
6.024729999999999563e+02 8.963900000000000000e+04
6.020410000000000537e+02 8.698400000000000000e+04
6.016090000000000373e+02 8.321300000000000000e+04
6.011779999999999973e+02 8.062900000000000000e+04
6.007480000000000473e+02 7.890100000000000000e+04
6.003179999999999836e+02 7.694700000000000000e+04
5.998890000000000100e+02 7.501500000000000000e+04
5.994600000000000364e+02 7.377700000000000000e+04
5.990320000000000391e+02 7.266700000000000000e+04
5.986050000000000182e+02 7.190700000000000000e+04
5.981779999999999973e+02 7.084800000000000000e+04
5.977519999999999527e+02 7.058900000000000000e+04
5.973269999999999982e+02 6.999300000000000000e+04
5.969020000000000437e+02 6.966100000000000000e+04
5.964779999999999518e+02 6.938900000000000000e+04
5.960539999999999736e+02 6.906100000000000000e+04
5.956309999999999718e+02 6.880400000000000000e+04
5.952079999999999700e+02 6.849400000000000000e+04
5.947870000000000346e+02 6.832800000000000000e+04
5.943650000000000091e+02 6.800000000000000000e+04
5.939450000000000500e+02 6.770200000000000000e+04
5.935240000000000009e+02 6.734100000000000000e+04
5.931050000000000182e+02 6.711600000000000000e+04
5.926860000000000355e+02 6.695900000000000000e+04
5.922680000000000291e+02 6.692300000000000000e+04
5.918500000000000227e+02 6.675100000000000000e+04
5.914329999999999927e+02 6.645100000000000000e+04
5.910159999999999627e+02 6.620100000000000000e+04
5.906000000000000227e+02 6.609000000000000000e+04
5.901849999999999454e+02 6.598600000000000000e+04
5.897699999999999818e+02 6.591400000000000000e+04
5.893559999999999945e+02 6.578500000000000000e+04
5.889420000000000073e+02 6.565300000000000000e+04
5.885289999999999964e+02 6.551500000000000000e+04
5.881169999999999618e+02 6.558500000000000000e+04
5.877050000000000409e+02 6.532100000000000000e+04
5.872939999999999827e+02 6.542700000000000000e+04
5.868830000000000382e+02 6.522400000000000000e+04
5.864729999999999563e+02 6.527300000000000000e+04
5.860629999999999882e+02 6.520900000000000000e+04
5.856539999999999964e+02 6.525700000000000000e+04
5.852459999999999809e+02 6.525400000000000000e+04
5.848379999999999654e+02 6.520200000000000000e+04
5.844299999999999500e+02 6.528600000000000000e+04
5.840240000000000009e+02 6.546200000000000000e+04
5.836180000000000518e+02 6.584000000000000000e+04
5.832119999999999891e+02 6.565000000000000000e+04
5.828070000000000164e+02 6.580400000000000000e+04
5.824020000000000437e+02 6.597200000000000000e+04
5.819980000000000473e+02 6.597600000000000000e+04
5.815950000000000273e+02 6.605500000000000000e+04
5.811920000000000073e+02 6.600100000000000000e+04
5.807899999999999636e+02 6.608200000000000000e+04
5.803880000000000337e+02 6.625200000000000000e+04
5.799869999999999663e+02 6.638100000000000000e+04
5.795869999999999891e+02 6.650200000000000000e+04
5.791870000000000118e+02 6.662900000000000000e+04
5.787870000000000346e+02 6.668300000000000000e+04
5.783880000000000337e+02 6.678000000000000000e+04
5.779900000000000091e+02 6.677900000000000000e+04
5.775919999999999845e+02 6.692700000000000000e+04
5.771950000000000500e+02 6.686400000000000000e+04
5.767980000000000018e+02 6.722800000000000000e+04
5.764020000000000437e+02 6.721300000000000000e+04
5.760059999999999718e+02 6.732500000000000000e+04
5.756109999999999900e+02 6.763000000000000000e+04
5.752160000000000082e+02 6.738800000000000000e+04
5.748220000000000027e+02 6.735700000000000000e+04
5.744289999999999736e+02 6.720000000000000000e+04
5.740359999999999445e+02 6.721500000000000000e+04
5.736440000000000055e+02 6.717700000000000000e+04
5.732519999999999527e+02 6.701400000000000000e+04
5.728600000000000136e+02 6.682500000000000000e+04
5.724690000000000509e+02 6.641600000000000000e+04
5.720789999999999509e+02 6.587400000000000000e+04
5.716889999999999645e+02 6.537000000000000000e+04
5.712999999999999545e+02 6.480000000000000000e+04
5.709120000000000346e+02 6.447600000000000000e+04
5.705230000000000246e+02 6.407700000000000000e+04
5.701359999999999673e+02 6.367700000000000000e+04
5.697490000000000236e+02 6.364700000000000000e+04
5.693619999999999663e+02 6.348500000000000000e+04
5.689759999999999991e+02 6.348100000000000000e+04
5.685910000000000082e+02 6.341900000000000000e+04
5.682060000000000173e+02 6.335700000000000000e+04
5.678210000000000264e+02 6.323200000000000000e+04
5.674370000000000118e+02 6.323600000000000000e+04
5.670539999999999736e+02 6.326900000000000000e+04
5.666710000000000491e+02 6.321300000000000000e+04
5.662880000000000109e+02 6.326700000000000000e+04
5.659059999999999491e+02 6.322300000000000000e+04
5.655249999999999773e+02 6.322200000000000000e+04
5.651440000000000055e+02 6.322300000000000000e+04
5.647640000000000100e+02 6.307400000000000000e+04
5.643840000000000146e+02 6.310600000000000000e+04
5.640049999999999955e+02 6.313300000000000000e+04
5.636259999999999764e+02 6.315400000000000000e+04
5.632480000000000473e+02 6.318900000000000000e+04
5.628700000000000045e+02 6.314500000000000000e+04
5.624919999999999618e+02 6.314000000000000000e+04
5.621159999999999854e+02 6.313200000000000000e+04
5.617390000000000327e+02 6.305900000000000000e+04
5.613640000000000327e+02 6.319000000000000000e+04
5.609880000000000564e+02 6.308900000000000000e+04
5.606130000000000564e+02 6.321300000000000000e+04
5.602390000000000327e+02 6.351700000000000000e+04
5.598650000000000091e+02 6.321200000000000000e+04
5.594919999999999618e+02 6.311700000000000000e+04
5.591190000000000282e+02 6.310400000000000000e+04
5.587469999999999573e+02 6.309000000000000000e+04
5.583750000000000000e+02 6.307500000000000000e+04
5.580040000000000191e+02 6.305300000000000000e+04
5.576330000000000382e+02 6.311000000000000000e+04
5.572630000000000337e+02 6.307200000000000000e+04
5.568930000000000291e+02 6.306500000000000000e+04
5.565240000000000009e+02 6.311100000000000000e+04
5.561549999999999727e+02 6.316200000000000000e+04
5.557870000000000346e+02 6.311400000000000000e+04
5.554189999999999827e+02 6.303100000000000000e+04
5.550510000000000446e+02 6.304000000000000000e+04
5.546839999999999691e+02 6.351500000000000000e+04
5.543179999999999836e+02 6.329800000000000000e+04
5.539519999999999982e+02 6.315600000000000000e+04
5.535869999999999891e+02 6.312000000000000000e+04
5.532219999999999800e+02 6.306200000000000000e+04
5.528569999999999709e+02 6.310700000000000000e+04
5.524930000000000518e+02 6.305900000000000000e+04
5.521299999999999955e+02 6.301900000000000000e+04
5.517670000000000528e+02 6.299600000000000000e+04
5.514039999999999964e+02 6.300300000000000000e+04
5.510420000000000300e+02 6.312100000000000000e+04
5.506799999999999500e+02 6.303500000000000000e+04
5.503189999999999600e+02 6.311200000000000000e+04
5.499589999999999463e+02 6.306800000000000000e+04
5.495979999999999563e+02 6.310900000000000000e+04
5.492390000000000327e+02 6.333100000000000000e+04
5.488790000000000191e+02 6.312700000000000000e+04
5.485209999999999582e+02 6.302400000000000000e+04
5.481620000000000346e+02 6.302100000000000000e+04
5.478039999999999736e+02 6.302100000000000000e+04
5.474470000000000027e+02 6.302900000000000000e+04
5.470900000000000318e+02 6.300900000000000000e+04
5.467340000000000373e+02 6.310800000000000000e+04
5.463780000000000427e+02 6.305100000000000000e+04
5.460220000000000482e+02 6.300700000000000000e+04
5.456670000000000300e+02 6.303400000000000000e+04
5.453129999999999882e+02 6.304500000000000000e+04
5.449579999999999700e+02 6.301700000000000000e+04
5.446050000000000182e+02 6.305500000000000000e+04
5.442509999999999764e+02 6.305200000000000000e+04
5.438990000000000009e+02 6.298800000000000000e+04
5.435460000000000491e+02 6.309500000000000000e+04
5.431950000000000500e+02 6.302900000000000000e+04
5.428429999999999609e+02 6.313000000000000000e+04
5.424919999999999618e+02 6.299100000000000000e+04
5.421420000000000528e+02 6.308900000000000000e+04
5.417920000000000300e+02 6.305500000000000000e+04
5.414420000000000073e+02 6.306000000000000000e+04
5.410929999999999609e+02 6.298000000000000000e+04
5.407440000000000282e+02 6.300900000000000000e+04
5.403959999999999582e+02 6.305700000000000000e+04
5.400480000000000018e+02 6.310800000000000000e+04
5.397010000000000218e+02 6.299800000000000000e+04
5.393540000000000418e+02 6.299000000000000000e+04
5.390080000000000382e+02 6.308200000000000000e+04
5.386620000000000346e+02 6.307600000000000000e+04
5.383160000000000309e+02 6.304300000000000000e+04
5.379710000000000036e+02 6.302100000000000000e+04
5.376259999999999764e+02 6.293400000000000000e+04
5.372820000000000391e+02 6.297300000000000000e+04
5.369379999999999882e+02 6.302800000000000000e+04
5.365950000000000273e+02 6.304500000000000000e+04
5.362519999999999527e+02 6.305700000000000000e+04
5.359099999999999682e+02 6.302300000000000000e+04
5.355679999999999836e+02 6.296700000000000000e+04
5.352259999999999991e+02 6.286700000000000000e+04
5.348849999999999909e+02 6.291800000000000000e+04
5.345439999999999827e+02 6.282200000000000000e+04
5.342039999999999509e+02 6.346400000000000000e+04
