3.619503000000000156e+03 6.490700000000000000e+04
3.603958999999999833e+03 6.482200000000000000e+04
3.588547000000000025e+03 6.483000000000000000e+04
3.573266000000000076e+03 6.489800000000000000e+04
3.558114999999999782e+03 6.484000000000000000e+04
3.543090999999999894e+03 6.490200000000000000e+04
3.528195000000000164e+03 6.482600000000000000e+04
3.513422000000000025e+03 6.483900000000000000e+04
3.498773000000000138e+03 6.487700000000000000e+04
3.484246000000000095e+03 6.480900000000000000e+04
3.469838999999999942e+03 6.489100000000000000e+04
3.455550000000000182e+03 6.487600000000000000e+04
3.441378999999999905e+03 6.485800000000000000e+04
3.427322999999999865e+03 6.485900000000000000e+04
3.413382000000000062e+03 6.493300000000000000e+04
3.399554000000000087e+03 6.486300000000000000e+04
3.385836999999999989e+03 6.493600000000000000e+04
3.372231000000000222e+03 6.487600000000000000e+04
3.358733000000000175e+03 6.484900000000000000e+04
3.345342999999999847e+03 6.489100000000000000e+04
3.332059999999999945e+03 6.492900000000000000e+04
3.318880999999999858e+03 6.493700000000000000e+04
3.305806999999999789e+03 6.484400000000000000e+04
3.292835000000000036e+03 6.487800000000000000e+04
3.279963999999999942e+03 6.490900000000000000e+04
3.267193999999999960e+03 6.496300000000000000e+04
3.254521999999999935e+03 6.479200000000000000e+04
3.241949000000000069e+03 6.490800000000000000e+04
3.229472000000000207e+03 6.491300000000000000e+04
3.217090999999999894e+03 6.493800000000000000e+04
3.204804999999999836e+03 6.488700000000000000e+04
3.192612000000000080e+03 6.483300000000000000e+04
3.180510999999999967e+03 6.488400000000000000e+04
3.168501999999999953e+03 6.483800000000000000e+04
3.156583000000000084e+03 6.481200000000000000e+04
3.144753999999999905e+03 6.488400000000000000e+04
3.133012999999999920e+03 6.490200000000000000e+04
3.121358999999999924e+03 6.488500000000000000e+04
3.109791999999999916e+03 6.484800000000000000e+04
3.098309999999999945e+03 6.488100000000000000e+04
3.086911999999999807e+03 6.495800000000000000e+04
3.075597999999999956e+03 6.491100000000000000e+04
3.064367000000000189e+03 6.490500000000000000e+04
3.053217000000000098e+03 6.487000000000000000e+04
3.042148999999999887e+03 6.496700000000000000e+04
3.031159999999999854e+03 6.488400000000000000e+04
3.020250000000000000e+03 6.487300000000000000e+04
3.009418999999999869e+03 6.505000000000000000e+04
2.998664999999999964e+03 6.483000000000000000e+04
2.987987000000000080e+03 6.491500000000000000e+04
2.977385000000000218e+03 6.497000000000000000e+04
2.966858999999999924e+03 6.493400000000000000e+04
2.956405999999999949e+03 6.495300000000000000e+04
2.946027000000000044e+03 6.492700000000000000e+04
2.935721000000000004e+03 6.491400000000000000e+04
2.925485999999999876e+03 6.494300000000000000e+04
2.915322000000000116e+03 6.499200000000000000e+04
2.905228999999999814e+03 6.495700000000000000e+04
2.895206000000000131e+03 6.490400000000000000e+04
2.885251000000000204e+03 6.499800000000000000e+04
2.875364999999999782e+03 6.504200000000000000e+04
2.865545999999999822e+03 6.488600000000000000e+04
2.855793999999999869e+03 6.494000000000000000e+04
2.846108000000000175e+03 6.500700000000000000e+04
2.836487000000000080e+03 6.497200000000000000e+04
2.826931999999999789e+03 6.494900000000000000e+04
2.817440000000000055e+03 6.499800000000000000e+04
2.808012999999999920e+03 6.492500000000000000e+04
2.798648000000000138e+03 6.493900000000000000e+04
2.789344999999999800e+03 6.490700000000000000e+04
2.780103999999999814e+03 6.490800000000000000e+04
2.770923999999999978e+03 6.497100000000000000e+04
2.761804000000000087e+03 6.503300000000000000e+04
2.752744000000000142e+03 6.495200000000000000e+04
2.743744000000000142e+03 6.503400000000000000e+04
2.734802000000000135e+03 6.497600000000000000e+04
2.725918000000000120e+03 6.501100000000000000e+04
2.717092000000000098e+03 6.498800000000000000e+04
2.708322000000000116e+03 6.508300000000000000e+04
2.699608999999999924e+03 6.495900000000000000e+04
2.690952000000000226e+03 6.499100000000000000e+04
2.682351000000000113e+03 6.501100000000000000e+04
2.673804000000000087e+03 6.511900000000000000e+04
2.665311000000000149e+03 6.513100000000000000e+04
2.656873000000000047e+03 6.498400000000000000e+04
2.648487000000000080e+03 6.498300000000000000e+04
2.640153999999999996e+03 6.501300000000000000e+04
2.631873999999999796e+03 6.497600000000000000e+04
2.623644999999999982e+03 6.493600000000000000e+04
2.615467999999999847e+03 6.509000000000000000e+04
2.607340999999999894e+03 6.515900000000000000e+04
2.599264999999999873e+03 6.502400000000000000e+04
2.591239000000000033e+03 6.498700000000000000e+04
2.583262000000000171e+03 6.508200000000000000e+04
2.575333999999999833e+03 6.491200000000000000e+04
2.567454000000000178e+03 6.504400000000000000e+04
2.559623000000000047e+03 6.499100000000000000e+04
2.551838999999999942e+03 6.497300000000000000e+04
2.544101999999999862e+03 6.497700000000000000e+04
2.536413000000000011e+03 6.503000000000000000e+04
2.528768999999999778e+03 6.503000000000000000e+04
2.521172000000000025e+03 6.501700000000000000e+04
2.513619999999999891e+03 6.492200000000000000e+04
2.506112999999999829e+03 6.502400000000000000e+04
2.498650999999999840e+03 6.506600000000000000e+04
2.491233000000000175e+03 6.496300000000000000e+04
2.483858999999999924e+03 6.493400000000000000e+04
2.476527999999999793e+03 6.510900000000000000e+04
2.469240999999999985e+03 6.510100000000000000e+04
2.461996000000000095e+03 6.501300000000000000e+04
2.454793999999999869e+03 6.503200000000000000e+04
2.447634000000000015e+03 6.508600000000000000e+04
2.440514999999999873e+03 6.504100000000000000e+04
2.433438000000000102e+03 6.500800000000000000e+04
2.426402000000000044e+03 6.501300000000000000e+04
2.419405999999999949e+03 6.503000000000000000e+04
2.412451000000000022e+03 6.504600000000000000e+04
2.405534999999999854e+03 6.521800000000000000e+04
2.398659000000000106e+03 6.521300000000000000e+04
2.391822000000000116e+03 6.501800000000000000e+04
2.385023999999999887e+03 6.508800000000000000e+04
2.378264999999999873e+03 6.511600000000000000e+04
2.371543000000000120e+03 6.507000000000000000e+04
2.364860000000000127e+03 6.505300000000000000e+04
2.358213999999999942e+03 6.508900000000000000e+04
2.351606000000000222e+03 6.504900000000000000e+04
2.345034000000000106e+03 6.508400000000000000e+04
2.338498999999999796e+03 6.508100000000000000e+04
2.332000000000000000e+03 6.518900000000000000e+04
2.325538000000000011e+03 6.507000000000000000e+04
2.319110999999999876e+03 6.498400000000000000e+04
2.312719000000000051e+03 6.509900000000000000e+04
2.306362999999999829e+03 6.517100000000000000e+04
2.300041000000000167e+03 6.508400000000000000e+04
2.293753999999999905e+03 6.503700000000000000e+04
2.287501000000000204e+03 6.516000000000000000e+04
2.281282999999999902e+03 6.509500000000000000e+04
2.275097999999999956e+03 6.506600000000000000e+04
2.268945999999999913e+03 6.513000000000000000e+04
2.262827999999999975e+03 6.511100000000000000e+04
2.256742000000000189e+03 6.507000000000000000e+04
2.250688999999999851e+03 6.510200000000000000e+04
2.244668999999999869e+03 6.508100000000000000e+04
2.238681000000000040e+03 6.513300000000000000e+04
2.232724000000000160e+03 6.517500000000000000e+04
2.226798999999999978e+03 6.509500000000000000e+04
2.220905999999999949e+03 6.514100000000000000e+04
2.215043000000000120e+03 6.514000000000000000e+04
2.209211999999999989e+03 6.514200000000000000e+04
2.203411000000000058e+03 6.516400000000000000e+04
2.197641000000000076e+03 6.514900000000000000e+04
2.191900000000000091e+03 6.516000000000000000e+04
2.186190000000000055e+03 6.525500000000000000e+04
2.180509000000000015e+03 6.517700000000000000e+04
2.174858000000000175e+03 6.510800000000000000e+04
2.169235999999999876e+03 6.521000000000000000e+04
2.163643000000000029e+03 6.517900000000000000e+04
2.158077999999999975e+03 6.535100000000000000e+04
2.152541999999999916e+03 6.531000000000000000e+04
2.147034999999999854e+03 6.512500000000000000e+04
2.141556000000000040e+03 6.514000000000000000e+04
2.136103999999999814e+03 6.518900000000000000e+04
2.130679999999999836e+03 6.516100000000000000e+04
2.125284000000000106e+03 6.526100000000000000e+04
2.119914999999999964e+03 6.515900000000000000e+04
2.114572999999999865e+03 6.513400000000000000e+04
2.109257999999999811e+03 6.523200000000000000e+04
2.103969000000000051e+03 6.520900000000000000e+04
2.098706999999999880e+03 6.527600000000000000e+04
2.093472000000000207e+03 6.522400000000000000e+04
2.088262000000000171e+03 6.521400000000000000e+04
2.083077999999999975e+03 6.525800000000000000e+04
2.077920000000000073e+03 6.520600000000000000e+04
2.072786999999999807e+03 6.518300000000000000e+04
2.067679999999999836e+03 6.520400000000000000e+04
2.062597999999999956e+03 6.534600000000000000e+04
2.057539999999999964e+03 6.532200000000000000e+04
2.052507999999999811e+03 6.523800000000000000e+04
2.047500000000000000e+03 6.517800000000000000e+04
2.042516000000000076e+03 6.529200000000000000e+04
2.037556000000000040e+03 6.528000000000000000e+04
2.032621000000000095e+03 6.535100000000000000e+04
2.027709000000000060e+03 6.531700000000000000e+04
2.022820999999999913e+03 6.517900000000000000e+04
2.017957000000000107e+03 6.529000000000000000e+04
2.013115999999999985e+03 6.531200000000000000e+04
2.008298000000000002e+03 6.528200000000000000e+04
2.003502999999999929e+03 6.532000000000000000e+04
1.998730999999999995e+03 6.530700000000000000e+04
1.993981999999999971e+03 6.532800000000000000e+04
1.989255000000000109e+03 6.522800000000000000e+04
1.984549999999999955e+03 6.534200000000000000e+04
1.979867999999999938e+03 6.533700000000000000e+04
1.975208000000000084e+03 6.525300000000000000e+04
1.970568999999999960e+03 6.589800000000000000e+04
1.965952999999999975e+03 6.536300000000000000e+04
1.961357999999999947e+03 6.533400000000000000e+04
1.956784000000000106e+03 6.532600000000000000e+04
1.952231999999999971e+03 6.542900000000000000e+04
1.947701000000000022e+03 6.529200000000000000e+04
1.943190000000000055e+03 6.530600000000000000e+04
1.938701000000000022e+03 6.533100000000000000e+04
1.934231999999999971e+03 6.532300000000000000e+04
1.929784000000000106e+03 6.533200000000000000e+04
1.925355999999999995e+03 6.529900000000000000e+04
1.920949000000000069e+03 6.536600000000000000e+04
1.916561999999999898e+03 6.537500000000000000e+04
1.912193999999999960e+03 6.527500000000000000e+04
1.907846999999999980e+03 6.532800000000000000e+04
1.903519000000000005e+03 6.530100000000000000e+04
1.899211000000000013e+03 6.534400000000000000e+04
1.894922000000000025e+03 6.534000000000000000e+04
1.890653000000000020e+03 6.534400000000000000e+04
1.886403000000000020e+03 6.523600000000000000e+04
1.882172000000000025e+03 6.534900000000000000e+04
1.877959000000000060e+03 6.538500000000000000e+04
1.873766000000000076e+03 6.545800000000000000e+04
1.869590999999999894e+03 6.538200000000000000e+04
1.865434999999999945e+03 6.530900000000000000e+04
1.861298000000000002e+03 6.526600000000000000e+04
1.857178000000000111e+03 6.539300000000000000e+04
1.853076999999999998e+03 6.528200000000000000e+04
1.848993999999999915e+03 6.536400000000000000e+04
1.844929000000000087e+03 6.530500000000000000e+04
1.840882000000000062e+03 6.532500000000000000e+04
1.836852000000000089e+03 6.544700000000000000e+04
1.832839999999999918e+03 6.537600000000000000e+04
1.828845000000000027e+03 6.556200000000000000e+04
1.824867999999999938e+03 6.538700000000000000e+04
1.820907999999999902e+03 6.528800000000000000e+04
1.816965999999999894e+03 6.534200000000000000e+04
1.813039999999999964e+03 6.536500000000000000e+04
1.809131000000000085e+03 6.535800000000000000e+04
1.805239000000000033e+03 6.542200000000000000e+04
1.801364000000000033e+03 6.536600000000000000e+04
1.797506000000000085e+03 6.532400000000000000e+04
1.793663000000000011e+03 6.534600000000000000e+04
1.789837999999999965e+03 6.546500000000000000e+04
1.786028000000000020e+03 6.538200000000000000e+04
1.782234999999999900e+03 6.539800000000000000e+04
1.778458000000000084e+03 6.538500000000000000e+04
1.774696999999999889e+03 6.541700000000000000e+04
1.770951000000000022e+03 6.533700000000000000e+04
1.767221999999999980e+03 6.528700000000000000e+04
1.763508000000000038e+03 6.535900000000000000e+04
1.759808999999999969e+03 6.554800000000000000e+04
1.756126999999999953e+03 6.540000000000000000e+04
1.752459000000000060e+03 6.522500000000000000e+04
1.748807000000000016e+03 6.537200000000000000e+04
1.745170000000000073e+03 6.534400000000000000e+04
1.741548000000000002e+03 6.524500000000000000e+04
1.737941000000000031e+03 6.532500000000000000e+04
1.734348999999999933e+03 6.528500000000000000e+04
1.730771999999999935e+03 6.533900000000000000e+04
1.727210000000000036e+03 6.532200000000000000e+04
1.723662000000000035e+03 6.533600000000000000e+04
1.720128999999999905e+03 6.544500000000000000e+04
1.716609999999999900e+03 6.537200000000000000e+04
1.713105000000000018e+03 6.541100000000000000e+04
1.709615000000000009e+03 6.531200000000000000e+04
1.706138999999999896e+03 6.534500000000000000e+04
1.702676999999999907e+03 6.531200000000000000e+04
1.699230000000000018e+03 6.529400000000000000e+04
1.695796000000000049e+03 6.522400000000000000e+04
1.692375999999999976e+03 6.534700000000000000e+04
1.688969000000000051e+03 6.538700000000000000e+04
1.685576999999999998e+03 6.532400000000000000e+04
1.682198000000000093e+03 6.531700000000000000e+04
1.678832000000000107e+03 6.536700000000000000e+04
1.675480000000000018e+03 6.533600000000000000e+04
1.672142000000000053e+03 6.529900000000000000e+04
1.668816000000000031e+03 6.535000000000000000e+04
1.665503999999999905e+03 6.543200000000000000e+04
1.662204999999999927e+03 6.533900000000000000e+04
1.658919000000000096e+03 6.545300000000000000e+04
1.655645999999999958e+03 6.535000000000000000e+04
1.652385999999999967e+03 6.533200000000000000e+04
1.649137999999999920e+03 6.538500000000000000e+04
1.645903999999999996e+03 6.543700000000000000e+04
1.642682000000000016e+03 6.538600000000000000e+04
1.639472999999999956e+03 6.532000000000000000e+04
1.636276000000000067e+03 6.549400000000000000e+04
1.633090999999999894e+03 6.536000000000000000e+04
1.629919000000000096e+03 6.547900000000000000e+04
1.626759999999999991e+03 6.542600000000000000e+04
1.623612000000000080e+03 6.541900000000000000e+04
1.620477000000000089e+03 6.546000000000000000e+04
1.617353000000000065e+03 6.544900000000000000e+04
1.614241999999999962e+03 6.555700000000000000e+04
1.611143000000000029e+03 6.539300000000000000e+04
1.608055000000000064e+03 6.539800000000000000e+04
1.604980000000000018e+03 6.546000000000000000e+04
1.601915999999999940e+03 6.544300000000000000e+04
1.598864000000000033e+03 6.548300000000000000e+04
1.595823000000000093e+03 6.547100000000000000e+04
1.592794000000000096e+03 6.544900000000000000e+04
1.589777000000000044e+03 6.546800000000000000e+04
1.586769999999999982e+03 6.548800000000000000e+04
1.583776000000000067e+03 6.549800000000000000e+04
1.580791999999999916e+03 6.547100000000000000e+04
1.577819999999999936e+03 6.553600000000000000e+04
1.574858999999999924e+03 6.546200000000000000e+04
1.571909000000000106e+03 6.560700000000000000e+04
1.568970000000000027e+03 6.555100000000000000e+04
1.566041999999999916e+03 6.562000000000000000e+04
1.563124000000000024e+03 6.557600000000000000e+04
1.560218000000000075e+03 6.576100000000000000e+04
1.557323000000000093e+03 6.563700000000000000e+04
1.554438000000000102e+03 6.562300000000000000e+04
1.551564000000000078e+03 6.567700000000000000e+04
1.548700000000000045e+03 6.569700000000000000e+04
1.545846999999999980e+03 6.574200000000000000e+04
1.543005000000000109e+03 6.558600000000000000e+04
1.540173000000000002e+03 6.558200000000000000e+04
1.537351000000000113e+03 6.564200000000000000e+04
1.534539999999999964e+03 6.562200000000000000e+04
1.531739000000000033e+03 6.550700000000000000e+04
1.528948000000000093e+03 6.571300000000000000e+04
1.526166999999999916e+03 6.560500000000000000e+04
1.523396999999999935e+03 6.562700000000000000e+04
1.520635999999999967e+03 6.572500000000000000e+04
1.517884999999999991e+03 6.571300000000000000e+04
1.515144999999999982e+03 6.572100000000000000e+04
1.512413999999999987e+03 6.604200000000000000e+04
1.509692999999999984e+03 6.589700000000000000e+04
1.506981999999999971e+03 6.611700000000000000e+04
1.504279999999999973e+03 6.604700000000000000e+04
1.501588999999999942e+03 6.626400000000000000e+04
1.498905999999999949e+03 6.630300000000000000e+04
1.496233999999999924e+03 6.629400000000000000e+04
1.493570999999999913e+03 6.626700000000000000e+04
1.490916999999999916e+03 6.628000000000000000e+04
1.488272999999999911e+03 6.619500000000000000e+04
1.485637999999999920e+03 6.619200000000000000e+04
1.483011999999999944e+03 6.600300000000000000e+04
1.480395999999999958e+03 6.593200000000000000e+04
1.477788999999999987e+03 6.583200000000000000e+04
1.475191000000000031e+03 6.576100000000000000e+04
1.472602000000000089e+03 6.573000000000000000e+04
1.470022999999999911e+03 6.577400000000000000e+04
1.467451999999999998e+03 6.567600000000000000e+04
1.464890000000000100e+03 6.567900000000000000e+04
1.462337999999999965e+03 6.560900000000000000e+04
1.459794000000000096e+03 6.569500000000000000e+04
1.457259000000000015e+03 6.566200000000000000e+04
1.454731999999999971e+03 6.562900000000000000e+04
1.452214999999999918e+03 6.563800000000000000e+04
1.449705999999999904e+03 6.564400000000000000e+04
1.447205999999999904e+03 6.565600000000000000e+04
1.444713999999999942e+03 6.566800000000000000e+04
1.442230999999999995e+03 6.558000000000000000e+04
1.439757000000000062e+03 6.559500000000000000e+04
1.437290999999999940e+03 6.554700000000000000e+04
1.434833000000000084e+03 6.559200000000000000e+04
1.432384000000000015e+03 6.564300000000000000e+04
1.429942999999999984e+03 6.560600000000000000e+04
1.427510999999999967e+03 6.557700000000000000e+04
1.425086000000000013e+03 6.545800000000000000e+04
1.422670000000000073e+03 6.565500000000000000e+04
1.420261999999999944e+03 6.563700000000000000e+04
1.417863000000000056e+03 6.550900000000000000e+04
1.415471000000000004e+03 6.562700000000000000e+04
1.413086999999999989e+03 6.563900000000000000e+04
1.410711999999999989e+03 6.565200000000000000e+04
1.408344000000000051e+03 6.570500000000000000e+04
1.405984999999999900e+03 6.561400000000000000e+04
1.403633000000000038e+03 6.560700000000000000e+04
1.401288999999999987e+03 6.561600000000000000e+04
1.398952999999999975e+03 6.563500000000000000e+04
1.396625000000000000e+03 6.554100000000000000e+04
1.394304000000000087e+03 6.561100000000000000e+04
1.391990999999999985e+03 6.559600000000000000e+04
1.389685999999999922e+03 6.556000000000000000e+04
1.387387999999999920e+03 6.555400000000000000e+04
1.385097999999999956e+03 6.557500000000000000e+04
1.382816000000000031e+03 6.563800000000000000e+04
1.380540999999999940e+03 6.558800000000000000e+04
1.378272999999999911e+03 6.560800000000000000e+04
1.376012999999999920e+03 6.557200000000000000e+04
1.373760999999999967e+03 6.559900000000000000e+04
1.371515000000000100e+03 6.592400000000000000e+04
1.369277000000000044e+03 6.560800000000000000e+04
1.367047000000000025e+03 6.552900000000000000e+04
1.364823000000000093e+03 6.560500000000000000e+04
1.362606999999999971e+03 6.555600000000000000e+04
1.360397999999999911e+03 6.578300000000000000e+04
1.358195999999999913e+03 6.546000000000000000e+04
1.356000999999999976e+03 6.550500000000000000e+04
1.353814000000000078e+03 6.557600000000000000e+04
1.351633000000000038e+03 6.548400000000000000e+04
1.349460000000000036e+03 6.551800000000000000e+04
1.347292999999999893e+03 6.556200000000000000e+04
1.345133000000000038e+03 6.551600000000000000e+04
1.342980000000000018e+03 6.555300000000000000e+04
1.340835000000000036e+03 6.552500000000000000e+04
1.338695999999999913e+03 6.547900000000000000e+04
1.336563000000000102e+03 6.564900000000000000e+04
1.334438000000000102e+03 6.564700000000000000e+04
1.332318999999999960e+03 6.552900000000000000e+04
1.330207000000000107e+03 6.558700000000000000e+04
1.328102000000000089e+03 6.555100000000000000e+04
1.326002999999999929e+03 6.549800000000000000e+04
1.323911000000000058e+03 6.553700000000000000e+04
1.321826000000000022e+03 6.556300000000000000e+04
1.319747000000000071e+03 6.557700000000000000e+04
1.317674999999999955e+03 6.553800000000000000e+04
1.315608999999999924e+03 6.554100000000000000e+04
1.313548999999999978e+03 6.557700000000000000e+04
1.311497000000000071e+03 6.551000000000000000e+04
1.309450000000000045e+03 6.562000000000000000e+04
1.307410000000000082e+03 6.558400000000000000e+04
1.305375999999999976e+03 6.552800000000000000e+04
1.303348999999999933e+03 6.555400000000000000e+04
1.301326999999999998e+03 6.556200000000000000e+04
1.299311999999999898e+03 6.556500000000000000e+04
1.297304000000000087e+03 6.554800000000000000e+04
1.295300999999999931e+03 6.553700000000000000e+04
1.293305000000000064e+03 6.559800000000000000e+04
1.291315000000000055e+03 6.546200000000000000e+04
1.289330999999999904e+03 6.551000000000000000e+04
1.287353000000000065e+03 6.558400000000000000e+04
1.285381000000000085e+03 6.559700000000000000e+04
1.283414999999999964e+03 6.562900000000000000e+04
1.281454999999999927e+03 6.549200000000000000e+04
1.279500999999999976e+03 6.558000000000000000e+04
1.277553000000000111e+03 6.553100000000000000e+04
1.275611000000000104e+03 6.557700000000000000e+04
1.273674999999999955e+03 6.563800000000000000e+04
1.271744999999999891e+03 6.570600000000000000e+04
1.269819999999999936e+03 6.566100000000000000e+04
1.267902000000000044e+03 6.551800000000000000e+04
1.265989000000000033e+03 6.567000000000000000e+04
1.264082000000000107e+03 6.566500000000000000e+04
1.262180000000000064e+03 6.562300000000000000e+04
1.260285000000000082e+03 6.563800000000000000e+04
1.258394999999999982e+03 6.557200000000000000e+04
1.256510999999999967e+03 6.570400000000000000e+04
1.254632000000000062e+03 6.574300000000000000e+04
1.252759000000000015e+03 6.566400000000000000e+04
1.250891000000000076e+03 6.564500000000000000e+04
1.249029999999999973e+03 6.571800000000000000e+04
1.247173000000000002e+03 6.576700000000000000e+04
1.245321999999999889e+03 6.582200000000000000e+04
1.243477000000000089e+03 6.574600000000000000e+04
1.241636999999999944e+03 6.575200000000000000e+04
1.239803000000000111e+03 6.571100000000000000e+04
1.237973999999999933e+03 6.581400000000000000e+04
1.236150000000000091e+03 6.579300000000000000e+04
1.234332000000000107e+03 6.577800000000000000e+04
1.232519000000000005e+03 6.566000000000000000e+04
1.230711000000000013e+03 6.566800000000000000e+04
1.228909000000000106e+03 6.576500000000000000e+04
1.227112000000000080e+03 6.572800000000000000e+04
1.225319999999999936e+03 6.567500000000000000e+04
1.223532999999999902e+03 6.570400000000000000e+04
1.221751999999999953e+03 6.566600000000000000e+04
1.219976000000000113e+03 6.559200000000000000e+04
1.218204999999999927e+03 6.569100000000000000e+04
1.216439000000000078e+03 6.566700000000000000e+04
1.214678000000000111e+03 6.561700000000000000e+04
1.212922000000000025e+03 6.563400000000000000e+04
1.211171000000000049e+03 6.560300000000000000e+04
1.209425999999999931e+03 6.559500000000000000e+04
1.207684999999999945e+03 6.565000000000000000e+04
1.205950000000000045e+03 6.558000000000000000e+04
1.204219000000000051e+03 6.563600000000000000e+04
1.202492999999999938e+03 6.555000000000000000e+04
1.200772999999999911e+03 6.550400000000000000e+04
1.199057000000000016e+03 6.559800000000000000e+04
1.197346000000000004e+03 6.556200000000000000e+04
1.195640000000000100e+03 6.578000000000000000e+04
1.193939000000000078e+03 6.568200000000000000e+04
1.192242999999999938e+03 6.552600000000000000e+04
1.190550999999999931e+03 6.561500000000000000e+04
1.188864000000000033e+03 6.565100000000000000e+04
1.187182000000000016e+03 6.563900000000000000e+04
1.185505000000000109e+03 6.560700000000000000e+04
1.183833000000000084e+03 6.562000000000000000e+04
1.182164999999999964e+03 6.550000000000000000e+04
1.180501999999999953e+03 6.562500000000000000e+04
1.178844000000000051e+03 6.560400000000000000e+04
1.177190000000000055e+03 6.549900000000000000e+04
1.175540999999999940e+03 6.555800000000000000e+04
1.173895999999999958e+03 6.561000000000000000e+04
1.172256000000000085e+03 6.566500000000000000e+04
1.170621000000000095e+03 6.556200000000000000e+04
1.168990000000000009e+03 6.552500000000000000e+04
1.167364000000000033e+03 6.576600000000000000e+04
1.165742999999999938e+03 6.556700000000000000e+04
1.164125000000000000e+03 6.561800000000000000e+04
1.162512999999999920e+03 6.563700000000000000e+04
1.160903999999999996e+03 6.555500000000000000e+04
1.159300999999999931e+03 6.564300000000000000e+04
1.157701000000000022e+03 6.557500000000000000e+04
1.156105999999999995e+03 6.556800000000000000e+04
1.154516000000000076e+03 6.571200000000000000e+04
1.152929000000000087e+03 6.560500000000000000e+04
1.151346999999999980e+03 6.563700000000000000e+04
1.149769999999999982e+03 6.565700000000000000e+04
1.148196999999999889e+03 6.552000000000000000e+04
1.146627999999999929e+03 6.560800000000000000e+04
1.145063000000000102e+03 6.561200000000000000e+04
1.143502999999999929e+03 6.559200000000000000e+04
1.141946999999999889e+03 6.552200000000000000e+04
1.140394999999999982e+03 6.579600000000000000e+04
1.138846999999999980e+03 6.560800000000000000e+04
1.137304000000000087e+03 6.557500000000000000e+04
1.135763999999999896e+03 6.550100000000000000e+04
1.134229000000000042e+03 6.563100000000000000e+04
1.132698000000000093e+03 6.564900000000000000e+04
1.131171000000000049e+03 6.552100000000000000e+04
1.129648999999999887e+03 6.552800000000000000e+04
1.128130000000000109e+03 6.564300000000000000e+04
1.126615000000000009e+03 6.559500000000000000e+04
1.125105000000000018e+03 6.556600000000000000e+04
1.123597999999999956e+03 6.558400000000000000e+04
1.122096000000000004e+03 6.556200000000000000e+04
1.120596999999999980e+03 6.557100000000000000e+04
1.119103000000000065e+03 6.558900000000000000e+04
1.117612000000000080e+03 6.576500000000000000e+04
1.116125999999999976e+03 6.562900000000000000e+04
1.114643000000000029e+03 6.565500000000000000e+04
1.113164999999999964e+03 6.560900000000000000e+04
1.111690000000000055e+03 6.567400000000000000e+04
1.110219000000000051e+03 6.557700000000000000e+04
1.108751999999999953e+03 6.570100000000000000e+04
1.107288999999999987e+03 6.560100000000000000e+04
1.105829999999999927e+03 6.559700000000000000e+04
1.104375000000000000e+03 6.559200000000000000e+04
1.102923000000000002e+03 6.561100000000000000e+04
1.101476000000000113e+03 6.565300000000000000e+04
1.100031999999999925e+03 6.561200000000000000e+04
1.098592000000000098e+03 6.561700000000000000e+04
1.097154999999999973e+03 6.562800000000000000e+04
1.095722999999999956e+03 6.556000000000000000e+04
1.094294000000000096e+03 6.558800000000000000e+04
1.092868999999999915e+03 6.565300000000000000e+04
1.091446999999999889e+03 6.570100000000000000e+04
1.090028999999999996e+03 6.576700000000000000e+04
1.088615000000000009e+03 6.566100000000000000e+04
1.087204999999999927e+03 6.564900000000000000e+04
1.085798000000000002e+03 6.565200000000000000e+04
1.084394999999999982e+03 6.568300000000000000e+04
1.082994999999999891e+03 6.575700000000000000e+04
1.081599999999999909e+03 6.575400000000000000e+04
1.080207000000000107e+03 6.568200000000000000e+04
1.078818999999999960e+03 6.569600000000000000e+04
1.077432999999999993e+03 6.568300000000000000e+04
1.076051999999999907e+03 6.565300000000000000e+04
1.074673999999999978e+03 6.576200000000000000e+04
1.073298999999999978e+03 6.572000000000000000e+04
1.071928000000000111e+03 6.563100000000000000e+04
1.070560999999999922e+03 6.567300000000000000e+04
1.069196999999999889e+03 6.572700000000000000e+04
1.067836000000000013e+03 6.578200000000000000e+04
1.066479000000000042e+03 6.592100000000000000e+04
1.065125000000000000e+03 6.587100000000000000e+04
1.063775000000000091e+03 6.585500000000000000e+04
1.062428000000000111e+03 6.599000000000000000e+04
1.061085000000000036e+03 6.594100000000000000e+04
1.059744999999999891e+03 6.604500000000000000e+04
1.058407999999999902e+03 6.597700000000000000e+04
1.057075000000000045e+03 6.610700000000000000e+04
1.055744999999999891e+03 6.615400000000000000e+04
1.054417999999999893e+03 6.611600000000000000e+04
1.053095000000000027e+03 6.612400000000000000e+04
1.051775000000000091e+03 6.611100000000000000e+04
1.050458000000000084e+03 6.604800000000000000e+04
1.049144999999999982e+03 6.600600000000000000e+04
1.047835000000000036e+03 6.597500000000000000e+04
1.046528000000000020e+03 6.581000000000000000e+04
1.045224999999999909e+03 6.593000000000000000e+04
1.043923999999999978e+03 6.574300000000000000e+04
1.042626999999999953e+03 6.571100000000000000e+04
1.041334000000000060e+03 6.575100000000000000e+04
1.040042999999999893e+03 6.579000000000000000e+04
1.038755000000000109e+03 6.580800000000000000e+04
1.037471000000000004e+03 6.571800000000000000e+04
1.036190000000000055e+03 6.567900000000000000e+04
1.034912000000000035e+03 6.575600000000000000e+04
1.033636999999999944e+03 6.585000000000000000e+04
1.032365999999999985e+03 6.573200000000000000e+04
1.031096999999999980e+03 6.579400000000000000e+04
1.029832000000000107e+03 6.586400000000000000e+04
1.028569999999999936e+03 6.593900000000000000e+04
1.027309999999999945e+03 6.588700000000000000e+04
1.026054000000000087e+03 6.596700000000000000e+04
1.024800999999999931e+03 6.594100000000000000e+04
1.023551000000000045e+03 6.603000000000000000e+04
1.022303999999999974e+03 6.603000000000000000e+04
1.021059999999999945e+03 6.597300000000000000e+04
1.019818999999999960e+03 6.584700000000000000e+04
1.018581999999999994e+03 6.575300000000000000e+04
1.017346999999999980e+03 6.574400000000000000e+04
1.016115000000000009e+03 6.592900000000000000e+04
1.014885999999999967e+03 6.573100000000000000e+04
1.013659999999999968e+03 6.571900000000000000e+04
1.012437000000000012e+03 6.559300000000000000e+04
1.011216999999999985e+03 6.557200000000000000e+04
1.010000000000000000e+03 6.559200000000000000e+04
1.008785999999999945e+03 6.551100000000000000e+04
1.007573999999999955e+03 6.555500000000000000e+04
1.006365999999999985e+03 6.551200000000000000e+04
1.005160999999999945e+03 6.547700000000000000e+04
1.003957999999999970e+03 6.541900000000000000e+04
1.002758000000000038e+03 6.546600000000000000e+04
1.001561000000000035e+03 6.536600000000000000e+04
1.000366999999999962e+03 6.548900000000000000e+04
9.991760000000000446e+02 6.549400000000000000e+04
9.979880000000000564e+02 6.545800000000000000e+04
9.968029999999999973e+02 6.546500000000000000e+04
9.956200000000000045e+02 6.556900000000000000e+04
9.944400000000000546e+02 6.556300000000000000e+04
9.932630000000000337e+02 6.555500000000000000e+04
9.920890000000000555e+02 6.551100000000000000e+04
9.909170000000000300e+02 6.562000000000000000e+04
9.897480000000000473e+02 6.553600000000000000e+04
9.885819999999999936e+02 6.554700000000000000e+04
9.874189999999999827e+02 6.542400000000000000e+04
9.862590000000000146e+02 6.540000000000000000e+04
9.851009999999999991e+02 6.541400000000000000e+04
9.839460000000000264e+02 6.539200000000000000e+04
9.827930000000000064e+02 6.536500000000000000e+04
9.816440000000000055e+02 6.539200000000000000e+04
9.804969999999999573e+02 6.524400000000000000e+04
9.793519999999999754e+02 6.537800000000000000e+04
9.782110000000000127e+02 6.535200000000000000e+04
9.770720000000000027e+02 6.530700000000000000e+04
9.759349999999999454e+02 6.525700000000000000e+04
9.748020000000000209e+02 6.533100000000000000e+04
9.736710000000000491e+02 6.530000000000000000e+04
9.725420000000000300e+02 6.533400000000000000e+04
9.714160000000000537e+02 6.537400000000000000e+04
9.702930000000000064e+02 6.542000000000000000e+04
9.691720000000000255e+02 6.529000000000000000e+04
9.680539999999999736e+02 6.532700000000000000e+04
9.669389999999999645e+02 6.542800000000000000e+04
9.658260000000000218e+02 6.531800000000000000e+04
9.647160000000000082e+02 6.527000000000000000e+04
9.636079999999999472e+02 6.526900000000000000e+04
9.625030000000000427e+02 6.527300000000000000e+04
9.613999999999999773e+02 6.535100000000000000e+04
9.602999999999999545e+02 6.533100000000000000e+04
9.592019999999999982e+02 6.529000000000000000e+04
9.581069999999999709e+02 6.532300000000000000e+04
9.570140000000000100e+02 6.527400000000000000e+04
9.559239999999999782e+02 6.520600000000000000e+04
9.548360000000000127e+02 6.521900000000000000e+04
9.537509999999999764e+02 6.528400000000000000e+04
9.526680000000000064e+02 6.530400000000000000e+04
9.515879999999999654e+02 6.526900000000000000e+04
9.505099999999999909e+02 6.530700000000000000e+04
9.494349999999999454e+02 6.525300000000000000e+04
9.483619999999999663e+02 6.526100000000000000e+04
9.472910000000000537e+02 6.523100000000000000e+04
9.462229999999999563e+02 6.535500000000000000e+04
9.451570000000000391e+02 6.521200000000000000e+04
9.440940000000000509e+02 6.528200000000000000e+04
9.430330000000000155e+02 6.527400000000000000e+04
9.419740000000000464e+02 6.792300000000000000e+04
9.409180000000000064e+02 6.523000000000000000e+04
9.398640000000000327e+02 6.536800000000000000e+04
9.388129999999999882e+02 6.531300000000000000e+04
9.377640000000000100e+02 6.533600000000000000e+04
9.367169999999999845e+02 6.525700000000000000e+04
9.356720000000000255e+02 6.533700000000000000e+04
9.346299999999999955e+02 6.526200000000000000e+04
9.335900000000000318e+02 6.538100000000000000e+04
9.325529999999999973e+02 6.533800000000000000e+04
9.315180000000000291e+02 6.537500000000000000e+04
9.304850000000000136e+02 6.550400000000000000e+04
9.294539999999999509e+02 6.532000000000000000e+04
9.284260000000000446e+02 6.534300000000000000e+04
9.273999999999999773e+02 6.535800000000000000e+04
9.263759999999999764e+02 6.541700000000000000e+04
9.253540000000000418e+02 6.547300000000000000e+04
9.243350000000000364e+02 6.556700000000000000e+04
9.233179999999999836e+02 6.573800000000000000e+04
9.223029999999999973e+02 6.590700000000000000e+04
9.212910000000000537e+02 6.606300000000000000e+04
9.202799999999999727e+02 6.620600000000000000e+04
9.192720000000000482e+02 6.644000000000000000e+04
9.182659999999999627e+02 6.665800000000000000e+04
9.172619999999999436e+02 6.679400000000000000e+04
9.162609999999999673e+02 6.694400000000000000e+04
9.152609999999999673e+02 6.686200000000000000e+04
9.142640000000000100e+02 6.685300000000000000e+04
9.132690000000000055e+02 6.669500000000000000e+04
9.122759999999999536e+02 6.629800000000000000e+04
9.112859999999999445e+02 6.616200000000000000e+04
9.102970000000000255e+02 6.589600000000000000e+04
9.093110000000000355e+02 6.581300000000000000e+04
9.083260000000000218e+02 6.558400000000000000e+04
9.073440000000000509e+02 6.543100000000000000e+04
9.063640000000000327e+02 6.537500000000000000e+04
9.053859999999999673e+02 6.540100000000000000e+04
9.044109999999999445e+02 6.531600000000000000e+04
9.034370000000000118e+02 6.538400000000000000e+04
9.024650000000000318e+02 6.526000000000000000e+04
9.014959999999999809e+02 6.519700000000000000e+04
9.005280000000000200e+02 6.519700000000000000e+04
8.995629999999999882e+02 6.520400000000000000e+04
8.986000000000000227e+02 6.517200000000000000e+04
8.976380000000000337e+02 6.514600000000000000e+04
8.966789999999999736e+02 6.518000000000000000e+04
8.957219999999999800e+02 6.515200000000000000e+04
8.947670000000000528e+02 6.514000000000000000e+04
8.938139999999999645e+02 6.505200000000000000e+04
8.928630000000000564e+02 6.510700000000000000e+04
8.919139999999999873e+02 6.506600000000000000e+04
8.909669999999999845e+02 6.512600000000000000e+04
8.900220000000000482e+02 6.516500000000000000e+04
8.890789999999999509e+02 6.503500000000000000e+04
8.881380000000000337e+02 6.502700000000000000e+04
8.871989999999999554e+02 6.616900000000000000e+04
8.862619999999999436e+02 6.500600000000000000e+04
8.853269999999999982e+02 6.505300000000000000e+04
8.843940000000000055e+02 6.505700000000000000e+04
8.834629999999999654e+02 6.503600000000000000e+04
8.825339999999999918e+02 6.491500000000000000e+04
8.816069999999999709e+02 6.505100000000000000e+04
8.806810000000000400e+02 6.501700000000000000e+04
8.797580000000000382e+02 6.501200000000000000e+04
8.788369999999999891e+02 6.504000000000000000e+04
8.779170000000000300e+02 6.498800000000000000e+04
8.770000000000000000e+02 6.498300000000000000e+04
8.760839999999999463e+02 6.499900000000000000e+04
8.751699999999999591e+02 6.503400000000000000e+04
8.742590000000000146e+02 6.498200000000000000e+04
8.733490000000000464e+02 6.502900000000000000e+04
8.724410000000000309e+02 6.505900000000000000e+04
8.715349999999999682e+02 6.499300000000000000e+04
8.706299999999999955e+02 6.498800000000000000e+04
8.697279999999999518e+02 6.497600000000000000e+04
8.688279999999999745e+02 6.490900000000000000e+04
8.679289999999999736e+02 6.487600000000000000e+04
8.670320000000000391e+02 6.487800000000000000e+04
8.661369999999999436e+02 6.489000000000000000e+04
8.652440000000000282e+02 6.501000000000000000e+04
8.643529999999999518e+02 6.495000000000000000e+04
8.634640000000000555e+02 6.500500000000000000e+04
8.625760000000000218e+02 6.495700000000000000e+04
8.616900000000000546e+02 6.505200000000000000e+04
8.608060000000000400e+02 6.497400000000000000e+04
8.599239999999999782e+02 6.495000000000000000e+04
8.590439999999999827e+02 6.500300000000000000e+04
8.581649999999999636e+02 6.498100000000000000e+04
8.572889999999999873e+02 6.490200000000000000e+04
8.564139999999999873e+02 6.498400000000000000e+04
8.555410000000000537e+02 6.501500000000000000e+04
8.546689999999999827e+02 6.501700000000000000e+04
8.537999999999999545e+02 6.507800000000000000e+04
8.529320000000000164e+02 6.512800000000000000e+04
8.520660000000000309e+02 6.513700000000000000e+04
8.512010000000000218e+02 6.506400000000000000e+04
8.503390000000000555e+02 6.505100000000000000e+04
8.494779999999999518e+02 6.510900000000000000e+04
8.486190000000000282e+02 6.504000000000000000e+04
8.477619999999999436e+02 6.509700000000000000e+04
8.469059999999999491e+02 6.509400000000000000e+04
8.460520000000000209e+02 6.518800000000000000e+04
8.452000000000000455e+02 6.517800000000000000e+04
8.443500000000000227e+02 6.519000000000000000e+04
8.435009999999999764e+02 6.527800000000000000e+04
8.426539999999999964e+02 6.533000000000000000e+04
8.418089999999999691e+02 6.536100000000000000e+04
8.409650000000000318e+02 6.526400000000000000e+04
8.401230000000000473e+02 6.521900000000000000e+04
8.392830000000000155e+02 6.518200000000000000e+04
8.384439999999999600e+02 6.520000000000000000e+04
8.376069999999999709e+02 6.515500000000000000e+04
8.367720000000000482e+02 6.498900000000000000e+04
8.359379999999999882e+02 6.501200000000000000e+04
8.351069999999999709e+02 6.509000000000000000e+04
8.342759999999999536e+02 6.493000000000000000e+04
8.334479999999999791e+02 6.492300000000000000e+04
8.326209999999999809e+02 6.503000000000000000e+04
8.317949999999999591e+02 6.497500000000000000e+04
8.309719999999999800e+02 6.505800000000000000e+04
8.301499999999999773e+02 6.490800000000000000e+04
8.293289999999999509e+02 6.497000000000000000e+04
8.285099999999999909e+02 6.498500000000000000e+04
8.276929999999999836e+02 6.498100000000000000e+04
8.268780000000000427e+02 6.498500000000000000e+04
8.260639999999999645e+02 6.495300000000000000e+04
8.252509999999999764e+02 6.501600000000000000e+04
8.244400000000000546e+02 6.497600000000000000e+04
8.236309999999999718e+02 6.507400000000000000e+04
8.228239999999999554e+02 6.514600000000000000e+04
8.220180000000000291e+02 6.523500000000000000e+04
8.212129999999999654e+02 6.524000000000000000e+04
8.204099999999999682e+02 6.512900000000000000e+04
8.196090000000000373e+02 6.525500000000000000e+04
8.188089999999999691e+02 6.515500000000000000e+04
8.180109999999999673e+02 6.543400000000000000e+04
8.172140000000000555e+02 6.546000000000000000e+04
8.164189999999999827e+02 6.560300000000000000e+04
8.156259999999999764e+02 6.577300000000000000e+04
8.148339999999999463e+02 6.589200000000000000e+04
8.140430000000000064e+02 6.607000000000000000e+04
8.132540000000000191e+02 6.576100000000000000e+04
8.124669999999999845e+02 6.547400000000000000e+04
8.116810000000000400e+02 6.526200000000000000e+04
8.108970000000000482e+02 6.538600000000000000e+04
8.101140000000000327e+02 6.543000000000000000e+04
8.093329999999999700e+02 6.518400000000000000e+04
8.085529999999999973e+02 6.535200000000000000e+04
8.077740000000000009e+02 6.500400000000000000e+04
8.069980000000000473e+02 6.486100000000000000e+04
8.062219999999999800e+02 6.480400000000000000e+04
8.054479999999999791e+02 6.466800000000000000e+04
8.046760000000000446e+02 6.471300000000000000e+04
8.039049999999999727e+02 6.470700000000000000e+04
8.031359999999999673e+02 6.464600000000000000e+04
8.023680000000000518e+02 6.491700000000000000e+04
8.016009999999999991e+02 6.503300000000000000e+04
8.008360000000000127e+02 6.504900000000000000e+04
8.000729999999999791e+02 6.513600000000000000e+04
7.993110000000000355e+02 6.530500000000000000e+04
7.985499999999999545e+02 6.520500000000000000e+04
7.977910000000000537e+02 6.509300000000000000e+04
7.970330000000000155e+02 6.509000000000000000e+04
7.962770000000000437e+02 6.515400000000000000e+04
7.955220000000000482e+02 6.523300000000000000e+04
7.947690000000000055e+02 6.509600000000000000e+04
7.940170000000000528e+02 6.513700000000000000e+04
7.932659999999999627e+02 6.528700000000000000e+04
7.925170000000000528e+02 6.534900000000000000e+04
7.917690000000000055e+02 6.531800000000000000e+04
7.910230000000000246e+02 6.522800000000000000e+04
7.902780000000000200e+02 6.524100000000000000e+04
7.895339999999999918e+02 6.521100000000000000e+04
7.887920000000000300e+02 6.539700000000000000e+04
7.880510000000000446e+02 6.510300000000000000e+04
7.873120000000000118e+02 6.503300000000000000e+04
7.865739999999999554e+02 6.501500000000000000e+04
7.858369999999999891e+02 6.497900000000000000e+04
7.851019999999999754e+02 6.491100000000000000e+04
7.843680000000000518e+02 6.497100000000000000e+04
7.836359999999999673e+02 6.477400000000000000e+04
7.829049999999999727e+02 6.483400000000000000e+04
7.821749999999999545e+02 6.487900000000000000e+04
7.814460000000000264e+02 6.500200000000000000e+04
7.807190000000000509e+02 6.490600000000000000e+04
7.799940000000000282e+02 6.503000000000000000e+04
7.792690000000000055e+02 6.508000000000000000e+04
7.785460000000000491e+02 6.514300000000000000e+04
7.778250000000000455e+02 6.501500000000000000e+04
7.771040000000000418e+02 6.516200000000000000e+04
7.763849999999999909e+02 6.517300000000000000e+04
7.756680000000000064e+02 6.525000000000000000e+04
7.749510000000000218e+02 6.528600000000000000e+04
7.742359999999999900e+02 6.538000000000000000e+04
7.735230000000000246e+02 6.546100000000000000e+04
7.728099999999999454e+02 6.558700000000000000e+04
7.720990000000000464e+02 6.575400000000000000e+04
7.713899999999999864e+02 6.597600000000000000e+04
7.706810000000000400e+02 6.607800000000000000e+04
7.699740000000000464e+02 6.619900000000000000e+04
7.692680000000000291e+02 6.631600000000000000e+04
7.685639999999999645e+02 6.646200000000000000e+04
7.678600000000000136e+02 6.685200000000000000e+04
7.671580000000000155e+02 6.696700000000000000e+04
7.664579999999999700e+02 6.707900000000000000e+04
7.657580000000000382e+02 6.687500000000000000e+04
7.650599999999999454e+02 6.684100000000000000e+04
7.643630000000000564e+02 6.673100000000000000e+04
7.636680000000000064e+02 6.664900000000000000e+04
7.629729999999999563e+02 6.655700000000000000e+04
7.622799999999999727e+02 6.677800000000000000e+04
7.615879999999999654e+02 6.652100000000000000e+04
7.608980000000000246e+02 6.638900000000000000e+04
7.602079999999999700e+02 6.619300000000000000e+04
7.595199999999999818e+02 6.610800000000000000e+04
7.588339999999999463e+02 6.611900000000000000e+04
7.581480000000000246e+02 6.625300000000000000e+04
7.574640000000000555e+02 6.650600000000000000e+04
7.567809999999999491e+02 6.661600000000000000e+04
7.560990000000000464e+02 6.677500000000000000e+04
7.554180000000000064e+02 6.677300000000000000e+04
7.547390000000000327e+02 6.662300000000000000e+04
7.540599999999999454e+02 6.664300000000000000e+04
7.533830000000000382e+02 6.654000000000000000e+04
7.527079999999999700e+02 6.663300000000000000e+04
7.520330000000000155e+02 6.682000000000000000e+04
7.513600000000000136e+02 6.699600000000000000e+04
7.506870000000000118e+02 6.708400000000000000e+04
7.500170000000000528e+02 6.720400000000000000e+04
7.493469999999999800e+02 6.724500000000000000e+04
7.486779999999999973e+02 6.731100000000000000e+04
7.480109999999999673e+02 6.722800000000000000e+04
7.473450000000000273e+02 6.695300000000000000e+04
7.466799999999999500e+02 6.687800000000000000e+04
7.460159999999999627e+02 6.670900000000000000e+04
7.453529999999999518e+02 6.651500000000000000e+04
7.446920000000000073e+02 6.617800000000000000e+04
7.440320000000000391e+02 6.591600000000000000e+04
7.433719999999999573e+02 6.586400000000000000e+04
7.427140000000000555e+02 6.588200000000000000e+04
7.420579999999999927e+02 6.594600000000000000e+04
7.414020000000000437e+02 6.601500000000000000e+04
7.407480000000000473e+02 6.595800000000000000e+04
7.400940000000000509e+02 6.600300000000000000e+04
7.394420000000000073e+02 6.588000000000000000e+04
7.387910000000000537e+02 6.588200000000000000e+04
7.381409999999999627e+02 6.581900000000000000e+04
7.374930000000000518e+02 6.584600000000000000e+04
7.368450000000000273e+02 6.577000000000000000e+04
7.361989999999999554e+02 6.573900000000000000e+04
7.355529999999999973e+02 6.556100000000000000e+04
7.349089999999999918e+02 6.541000000000000000e+04
7.342659999999999627e+02 6.535100000000000000e+04
7.336240000000000236e+02 6.514900000000000000e+04
7.329829999999999472e+02 6.506900000000000000e+04
7.323440000000000509e+02 6.501000000000000000e+04
7.317050000000000409e+02 6.499800000000000000e+04
7.310679999999999836e+02 6.520600000000000000e+04
7.304310000000000400e+02 6.511100000000000000e+04
7.297960000000000491e+02 6.521900000000000000e+04
7.291620000000000346e+02 6.534100000000000000e+04
7.285289999999999964e+02 6.524100000000000000e+04
7.278970000000000482e+02 6.526000000000000000e+04
7.272659999999999627e+02 6.522500000000000000e+04
7.266359999999999673e+02 6.525100000000000000e+04
7.260080000000000382e+02 6.530300000000000000e+04
7.253799999999999955e+02 6.529100000000000000e+04
7.247530000000000427e+02 6.531400000000000000e+04
7.241280000000000427e+02 6.526700000000000000e+04
7.235040000000000191e+02 6.536200000000000000e+04
7.228799999999999955e+02 6.539000000000000000e+04
7.222580000000000382e+02 6.536700000000000000e+04
7.216369999999999436e+02 6.522200000000000000e+04
7.210170000000000528e+02 6.545100000000000000e+04
7.203980000000000246e+02 6.543100000000000000e+04
7.197799999999999727e+02 6.551500000000000000e+04
7.191630000000000109e+02 6.550700000000000000e+04
7.185480000000000018e+02 6.572900000000000000e+04
7.179329999999999927e+02 6.588700000000000000e+04
7.173189999999999600e+02 6.573900000000000000e+04
7.167060000000000173e+02 6.584700000000000000e+04
7.160950000000000273e+02 6.574100000000000000e+04
7.154840000000000373e+02 6.567200000000000000e+04
7.148750000000000000e+02 6.565400000000000000e+04
7.142659999999999627e+02 6.574100000000000000e+04
7.136589999999999918e+02 6.578900000000000000e+04
7.130520000000000209e+02 6.589200000000000000e+04
7.124470000000000027e+02 6.599200000000000000e+04
7.118429999999999609e+02 6.599700000000000000e+04
7.112390000000000327e+02 6.618600000000000000e+04
7.106369999999999436e+02 6.619900000000000000e+04
7.100359999999999445e+02 6.620000000000000000e+04
7.094349999999999454e+02 6.627500000000000000e+04
7.088360000000000127e+02 6.637800000000000000e+04
7.082380000000000564e+02 6.646700000000000000e+04
7.076409999999999627e+02 6.670900000000000000e+04
7.070439999999999827e+02 6.691300000000000000e+04
7.064489999999999554e+02 6.700100000000000000e+04
7.058550000000000182e+02 6.728200000000000000e+04
7.052619999999999436e+02 6.730300000000000000e+04
7.046689999999999827e+02 6.739900000000000000e+04
7.040779999999999745e+02 6.740500000000000000e+04
7.034880000000000564e+02 6.739800000000000000e+04
7.028990000000000009e+02 6.718900000000000000e+04
7.023099999999999454e+02 6.743300000000000000e+04
7.017229999999999563e+02 6.744300000000000000e+04
7.011369999999999436e+02 6.736400000000000000e+04
7.005510000000000446e+02 6.728200000000000000e+04
6.999669999999999845e+02 6.702200000000000000e+04
6.993840000000000146e+02 6.692900000000000000e+04
6.988010000000000446e+02 6.682000000000000000e+04
6.982200000000000273e+02 6.659100000000000000e+04
6.976390000000000100e+02 6.639700000000000000e+04
6.970599999999999454e+02 6.625700000000000000e+04
6.964809999999999945e+02 6.626100000000000000e+04
6.959039999999999964e+02 6.619500000000000000e+04
6.953269999999999982e+02 6.620500000000000000e+04
6.947509999999999764e+02 6.630600000000000000e+04
6.941770000000000209e+02 6.628500000000000000e+04
6.936029999999999518e+02 6.645900000000000000e+04
6.930299999999999727e+02 6.688500000000000000e+04
6.924579999999999700e+02 6.655900000000000000e+04
6.918869999999999436e+02 6.658300000000000000e+04
6.913170000000000073e+02 6.674600000000000000e+04
6.907480000000000473e+02 6.681700000000000000e+04
6.901799999999999500e+02 6.687900000000000000e+04
6.896130000000000564e+02 6.722200000000000000e+04
6.890470000000000255e+02 6.716800000000000000e+04
6.884809999999999945e+02 6.743500000000000000e+04
6.879170000000000300e+02 6.759000000000000000e+04
6.873529999999999518e+02 6.775500000000000000e+04
6.867910000000000537e+02 6.801000000000000000e+04
6.862290000000000418e+02 6.820300000000000000e+04
6.856689999999999827e+02 6.850100000000000000e+04
6.851090000000000373e+02 6.879300000000000000e+04
6.845499999999999545e+02 6.910900000000000000e+04
6.839919999999999618e+02 6.932600000000000000e+04
6.834349999999999454e+02 6.937600000000000000e+04
6.828790000000000191e+02 6.974500000000000000e+04
6.823229999999999791e+02 6.970100000000000000e+04
6.817690000000000055e+02 6.987200000000000000e+04
6.812160000000000082e+02 6.964200000000000000e+04
6.806630000000000109e+02 6.957200000000000000e+04
6.801109999999999900e+02 6.975200000000000000e+04
6.795610000000000355e+02 6.974800000000000000e+04
6.790109999999999673e+02 6.939800000000000000e+04
6.784619999999999891e+02 6.923000000000000000e+04
6.779139999999999873e+02 6.896500000000000000e+04
6.773659999999999854e+02 6.873100000000000000e+04
6.768200000000000500e+02 6.840100000000000000e+04
6.762749999999999773e+02 6.822900000000000000e+04
6.757300000000000182e+02 6.784600000000000000e+04
6.751860000000000355e+02 6.770600000000000000e+04
6.746440000000000055e+02 6.740700000000000000e+04
6.741019999999999754e+02 6.735900000000000000e+04
6.735599999999999454e+02 6.707400000000000000e+04
6.730199999999999818e+02 6.690500000000000000e+04
6.724809999999999945e+02 6.687400000000000000e+04
6.719420000000000073e+02 6.670300000000000000e+04
6.714049999999999727e+02 6.650500000000000000e+04
6.708680000000000518e+02 6.638600000000000000e+04
6.703319999999999936e+02 6.618100000000000000e+04
6.697970000000000255e+02 6.612800000000000000e+04
6.692630000000000337e+02 6.604100000000000000e+04
6.687300000000000182e+02 6.583800000000000000e+04
6.681970000000000027e+02 6.573200000000000000e+04
6.676649999999999636e+02 6.569600000000000000e+04
6.671349999999999909e+02 6.588400000000000000e+04
6.666050000000000182e+02 6.563600000000000000e+04
6.660760000000000218e+02 6.566000000000000000e+04
6.655470000000000255e+02 6.569400000000000000e+04
6.650199999999999818e+02 6.599600000000000000e+04
6.644930000000000518e+02 6.614600000000000000e+04
6.639669999999999845e+02 6.635800000000000000e+04
6.634420000000000073e+02 6.666500000000000000e+04
6.629180000000000064e+02 6.696200000000000000e+04
6.623949999999999818e+02 6.746400000000000000e+04
6.618730000000000473e+02 6.745200000000000000e+04
6.613509999999999991e+02 6.768400000000000000e+04
6.608300000000000409e+02 6.790300000000000000e+04
6.603099999999999454e+02 6.794100000000000000e+04
6.597910000000000537e+02 6.802200000000000000e+04
6.592730000000000246e+02 6.809200000000000000e+04
6.587549999999999955e+02 6.821700000000000000e+04
6.582380000000000564e+02 6.812200000000000000e+04
6.577219999999999800e+02 6.798500000000000000e+04
6.572069999999999936e+02 6.793700000000000000e+04
6.566929999999999836e+02 6.798100000000000000e+04
6.561799999999999500e+02 6.792500000000000000e+04
6.556670000000000300e+02 6.803800000000000000e+04
6.551549999999999727e+02 6.806300000000000000e+04
6.546440000000000055e+02 6.844200000000000000e+04
6.541330000000000382e+02 6.836100000000000000e+04
6.536240000000000236e+02 6.829900000000000000e+04
6.531150000000000091e+02 6.858300000000000000e+04
6.526069999999999709e+02 6.860200000000000000e+04
6.521000000000000227e+02 6.864900000000000000e+04
6.515940000000000509e+02 6.917500000000000000e+04
6.510879999999999654e+02 6.922100000000000000e+04
6.505829999999999700e+02 6.938300000000000000e+04
6.500789999999999509e+02 6.953100000000000000e+04
6.495760000000000218e+02 7.017700000000000000e+04
6.490739999999999554e+02 7.050400000000000000e+04
6.485720000000000027e+02 7.092200000000000000e+04
6.480710000000000264e+02 7.108300000000000000e+04
6.475710000000000264e+02 7.072100000000000000e+04
6.470720000000000027e+02 7.049000000000000000e+04
6.465729999999999791e+02 7.045800000000000000e+04
6.460750000000000455e+02 7.034800000000000000e+04
6.455779999999999745e+02 7.035100000000000000e+04
6.450819999999999936e+02 7.026700000000000000e+04
6.445869999999999891e+02 7.035400000000000000e+04
6.440919999999999845e+02 7.080600000000000000e+04
6.435979999999999563e+02 7.088000000000000000e+04
6.431050000000000182e+02 7.103100000000000000e+04
6.426119999999999663e+02 7.119300000000000000e+04
6.421200000000000045e+02 7.135900000000000000e+04
6.416290000000000191e+02 7.141200000000000000e+04
6.411390000000000100e+02 7.124700000000000000e+04
6.406499999999999773e+02 7.115000000000000000e+04
6.401609999999999445e+02 7.118800000000000000e+04
6.396730000000000018e+02 7.118500000000000000e+04
6.391860000000000355e+02 7.130700000000000000e+04
6.386989999999999554e+02 7.153400000000000000e+04
6.382129999999999654e+02 7.162900000000000000e+04
6.377279999999999518e+02 7.194200000000000000e+04
6.372440000000000282e+02 7.251200000000000000e+04
6.367609999999999673e+02 7.295600000000000000e+04
6.362780000000000200e+02 7.320300000000000000e+04
6.357960000000000491e+02 7.342400000000000000e+04
6.353139999999999645e+02 7.378000000000000000e+04
6.348339999999999463e+02 7.394300000000000000e+04
6.343540000000000418e+02 7.372700000000000000e+04
6.338750000000000000e+02 7.377400000000000000e+04
6.333959999999999582e+02 7.419500000000000000e+04
6.329180000000000064e+02 7.484900000000000000e+04
6.324410000000000309e+02 7.563200000000000000e+04
6.319650000000000318e+02 7.643600000000000000e+04
6.314900000000000091e+02 7.760600000000000000e+04
6.310149999999999864e+02 7.896100000000000000e+04
6.305410000000000537e+02 8.015400000000000000e+04
6.300670000000000073e+02 8.048600000000000000e+04
6.295940000000000509e+02 8.034000000000000000e+04
6.291219999999999573e+02 8.021200000000000000e+04
6.286509999999999536e+02 7.929200000000000000e+04
6.281799999999999500e+02 7.761500000000000000e+04
6.277110000000000127e+02 7.625200000000000000e+04
6.272409999999999854e+02 7.553500000000000000e+04
6.267730000000000246e+02 7.445700000000000000e+04
6.263049999999999500e+02 7.399800000000000000e+04
6.258379999999999654e+02 7.424500000000000000e+04
6.253719999999999573e+02 7.511100000000000000e+04
6.249059999999999491e+02 7.652300000000000000e+04
6.244410000000000309e+02 7.777700000000000000e+04
6.239769999999999754e+02 8.014700000000000000e+04
6.235130000000000337e+02 8.290900000000000000e+04
6.230499999999999545e+02 8.560100000000000000e+04
6.225879999999999654e+02 8.714600000000000000e+04
6.221259999999999764e+02 8.799900000000000000e+04
6.216649999999999636e+02 8.872700000000000000e+04
6.212050000000000409e+02 8.802400000000000000e+04
6.207459999999999809e+02 8.563000000000000000e+04
6.202870000000000346e+02 8.354300000000000000e+04
6.198289999999999509e+02 8.278200000000000000e+04
6.193709999999999809e+02 8.323700000000000000e+04
6.189139999999999873e+02 8.357100000000000000e+04
6.184579999999999700e+02 8.514300000000000000e+04
6.180030000000000427e+02 8.904900000000000000e+04
6.175480000000000018e+02 9.467700000000000000e+04
6.170940000000000509e+02 1.013380000000000000e+05
6.166399999999999864e+02 1.113130000000000000e+05
6.161870000000000118e+02 1.239640000000000000e+05
6.157350000000000136e+02 1.415580000000000000e+05
6.152839999999999918e+02 1.675600000000000000e+05
6.148329999999999700e+02 2.078490000000000000e+05
6.143830000000000382e+02 3.112880000000000000e+05
6.139329999999999927e+02 5.032580000000000000e+05
6.134850000000000136e+02 7.521360000000000000e+05
6.130359999999999445e+02 1.253163000000000000e+06
6.125890000000000555e+02 1.970553000000000000e+06
6.121420000000000528e+02 2.526600000000000000e+06
6.116960000000000264e+02 2.783108000000000000e+06
6.112500000000000000e+02 3.094249000000000000e+06
6.108049999999999500e+02 3.323223000000000000e+06
6.103609999999999900e+02 2.967776000000000000e+06
6.099170000000000300e+02 2.597924000000000000e+06
6.094740000000000464e+02 2.605637000000000000e+06
6.090320000000000391e+02 2.377374000000000000e+06
6.085900000000000318e+02 1.714977000000000000e+06
6.081490000000000009e+02 1.161095000000000000e+06
6.077089999999999463e+02 9.293540000000000000e+05
6.072690000000000055e+02 7.755090000000000000e+05
6.068300000000000409e+02 5.360090000000000000e+05
6.063909999999999627e+02 3.473610000000000000e+05
6.059539999999999509e+02 2.529210000000000000e+05
6.055159999999999627e+02 1.938300000000000000e+05
6.050800000000000409e+02 1.553380000000000000e+05
6.046440000000000055e+02 1.278990000000000000e+05
6.042079999999999700e+02 1.135630000000000000e+05
6.037740000000000009e+02 1.010090000000000000e+05
6.033390000000000555e+02 9.491400000000000000e+04
6.029059999999999491e+02 9.170200000000000000e+04
6.024729999999999563e+02 8.932200000000000000e+04
6.020410000000000537e+02 8.624800000000000000e+04
6.016090000000000373e+02 8.374600000000000000e+04
6.011779999999999973e+02 8.143800000000000000e+04
6.007480000000000473e+02 7.924700000000000000e+04
6.003179999999999836e+02 7.731200000000000000e+04
5.998890000000000100e+02 7.547700000000000000e+04
5.994600000000000364e+02 7.419600000000000000e+04
5.990320000000000391e+02 7.324200000000000000e+04
5.986050000000000182e+02 7.291000000000000000e+04
5.981779999999999973e+02 7.152000000000000000e+04
5.977519999999999527e+02 7.112300000000000000e+04
5.973269999999999982e+02 7.084500000000000000e+04
5.969020000000000437e+02 7.038300000000000000e+04
5.964779999999999518e+02 6.999000000000000000e+04
5.960539999999999736e+02 6.947400000000000000e+04
5.956309999999999718e+02 6.903900000000000000e+04
5.952079999999999700e+02 6.873000000000000000e+04
5.947870000000000346e+02 6.852100000000000000e+04
5.943650000000000091e+02 6.829100000000000000e+04
5.939450000000000500e+02 6.805200000000000000e+04
5.935240000000000009e+02 6.774800000000000000e+04
5.931050000000000182e+02 6.761200000000000000e+04
5.926860000000000355e+02 6.737500000000000000e+04
5.922680000000000291e+02 6.714100000000000000e+04
5.918500000000000227e+02 6.700400000000000000e+04
5.914329999999999927e+02 6.661900000000000000e+04
5.910159999999999627e+02 6.659100000000000000e+04
5.906000000000000227e+02 6.652200000000000000e+04
5.901849999999999454e+02 6.634600000000000000e+04
5.897699999999999818e+02 6.631700000000000000e+04
5.893559999999999945e+02 6.610500000000000000e+04
5.889420000000000073e+02 6.603900000000000000e+04
5.885289999999999964e+02 6.592300000000000000e+04
5.881169999999999618e+02 6.592000000000000000e+04
5.877050000000000409e+02 6.569200000000000000e+04
5.872939999999999827e+02 6.570000000000000000e+04
5.868830000000000382e+02 6.555800000000000000e+04
5.864729999999999563e+02 6.559400000000000000e+04
5.860629999999999882e+02 6.566300000000000000e+04
5.856539999999999964e+02 6.563300000000000000e+04
5.852459999999999809e+02 6.571200000000000000e+04
5.848379999999999654e+02 6.568400000000000000e+04
5.844299999999999500e+02 6.581400000000000000e+04
5.840240000000000009e+02 6.600700000000000000e+04
5.836180000000000518e+02 6.627500000000000000e+04
5.832119999999999891e+02 6.603300000000000000e+04
5.828070000000000164e+02 6.617800000000000000e+04
5.824020000000000437e+02 6.648800000000000000e+04
5.819980000000000473e+02 6.657700000000000000e+04
5.815950000000000273e+02 6.670200000000000000e+04
5.811920000000000073e+02 6.672000000000000000e+04
5.807899999999999636e+02 6.688400000000000000e+04
5.803880000000000337e+02 6.706200000000000000e+04
5.799869999999999663e+02 6.699400000000000000e+04
5.795869999999999891e+02 6.709700000000000000e+04
5.791870000000000118e+02 6.731000000000000000e+04
5.787870000000000346e+02 6.734100000000000000e+04
5.783880000000000337e+02 6.745200000000000000e+04
5.779900000000000091e+02 6.739500000000000000e+04
5.775919999999999845e+02 6.733700000000000000e+04
5.771950000000000500e+02 6.714500000000000000e+04
5.767980000000000018e+02 6.714400000000000000e+04
5.764020000000000437e+02 6.698400000000000000e+04
5.760059999999999718e+02 6.702500000000000000e+04
5.756109999999999900e+02 6.723100000000000000e+04
5.752160000000000082e+02 6.719700000000000000e+04
5.748220000000000027e+02 6.717100000000000000e+04
5.744289999999999736e+02 6.712700000000000000e+04
5.740359999999999445e+02 6.689200000000000000e+04
5.736440000000000055e+02 6.668300000000000000e+04
5.732519999999999527e+02 6.647900000000000000e+04
5.728600000000000136e+02 6.606600000000000000e+04
5.724690000000000509e+02 6.575100000000000000e+04
5.720789999999999509e+02 6.536800000000000000e+04
5.716889999999999645e+02 6.504000000000000000e+04
5.712999999999999545e+02 6.462000000000000000e+04
5.709120000000000346e+02 6.448300000000000000e+04
5.705230000000000246e+02 6.418000000000000000e+04
5.701359999999999673e+02 6.390900000000000000e+04
5.697490000000000236e+02 6.386300000000000000e+04
5.693619999999999663e+02 6.373800000000000000e+04
5.689759999999999991e+02 6.371700000000000000e+04
5.685910000000000082e+02 6.363600000000000000e+04
5.682060000000000173e+02 6.364000000000000000e+04
5.678210000000000264e+02 6.352700000000000000e+04
5.674370000000000118e+02 6.354300000000000000e+04
5.670539999999999736e+02 6.357900000000000000e+04
5.666710000000000491e+02 6.349800000000000000e+04
5.662880000000000109e+02 6.356200000000000000e+04
5.659059999999999491e+02 6.351100000000000000e+04
5.655249999999999773e+02 6.353700000000000000e+04
5.651440000000000055e+02 6.348600000000000000e+04
5.647640000000000100e+02 6.339100000000000000e+04
5.643840000000000146e+02 6.341000000000000000e+04
5.640049999999999955e+02 6.343800000000000000e+04
5.636259999999999764e+02 6.344600000000000000e+04
5.632480000000000473e+02 6.347500000000000000e+04
5.628700000000000045e+02 6.346900000000000000e+04
5.624919999999999618e+02 6.343700000000000000e+04
5.621159999999999854e+02 6.342100000000000000e+04
5.617390000000000327e+02 6.335600000000000000e+04
5.613640000000000327e+02 6.350900000000000000e+04
5.609880000000000564e+02 6.344100000000000000e+04
5.606130000000000564e+02 6.352400000000000000e+04
5.602390000000000327e+02 6.382800000000000000e+04
5.598650000000000091e+02 6.352000000000000000e+04
5.594919999999999618e+02 6.345400000000000000e+04
5.591190000000000282e+02 6.344300000000000000e+04
5.587469999999999573e+02 6.341500000000000000e+04
5.583750000000000000e+02 6.337800000000000000e+04
5.580040000000000191e+02 6.337000000000000000e+04
5.576330000000000382e+02 6.340700000000000000e+04
5.572630000000000337e+02 6.337600000000000000e+04
5.568930000000000291e+02 6.335600000000000000e+04
5.565240000000000009e+02 6.338300000000000000e+04
5.561549999999999727e+02 6.348100000000000000e+04
5.557870000000000346e+02 6.340900000000000000e+04
5.554189999999999827e+02 6.338400000000000000e+04
5.550510000000000446e+02 6.334500000000000000e+04
5.546839999999999691e+02 6.338800000000000000e+04
5.543179999999999836e+02 6.356700000000000000e+04
5.539519999999999982e+02 6.345300000000000000e+04
5.535869999999999891e+02 6.339700000000000000e+04
5.532219999999999800e+02 6.341700000000000000e+04
5.528569999999999709e+02 6.338700000000000000e+04
5.524930000000000518e+02 6.339600000000000000e+04
5.521299999999999955e+02 6.338000000000000000e+04
5.517670000000000528e+02 6.334000000000000000e+04
5.514039999999999964e+02 6.335300000000000000e+04
5.510420000000000300e+02 6.342300000000000000e+04
5.506799999999999500e+02 6.335800000000000000e+04
5.503189999999999600e+02 6.344300000000000000e+04
5.499589999999999463e+02 6.337400000000000000e+04
5.495979999999999563e+02 6.337000000000000000e+04
5.492390000000000327e+02 6.363600000000000000e+04
5.488790000000000191e+02 6.343100000000000000e+04
5.485209999999999582e+02 6.333800000000000000e+04
5.481620000000000346e+02 6.336500000000000000e+04
5.478039999999999736e+02 6.331400000000000000e+04
5.474470000000000027e+02 6.337900000000000000e+04
5.470900000000000318e+02 6.335300000000000000e+04
5.467340000000000373e+02 6.342000000000000000e+04
5.463780000000000427e+02 6.337500000000000000e+04
5.460220000000000482e+02 6.328200000000000000e+04
5.456670000000000300e+02 6.338100000000000000e+04
5.453129999999999882e+02 6.339600000000000000e+04
5.449579999999999700e+02 6.333700000000000000e+04
5.446050000000000182e+02 6.336800000000000000e+04
5.442509999999999764e+02 6.340200000000000000e+04
5.438990000000000009e+02 6.332200000000000000e+04
5.435460000000000491e+02 6.343700000000000000e+04
5.431950000000000500e+02 6.331500000000000000e+04
5.428429999999999609e+02 6.347200000000000000e+04
5.424919999999999618e+02 6.331900000000000000e+04
5.421420000000000528e+02 6.342600000000000000e+04
5.417920000000000300e+02 6.339000000000000000e+04
5.414420000000000073e+02 6.338700000000000000e+04
5.410929999999999609e+02 6.330100000000000000e+04
5.407440000000000282e+02 6.335100000000000000e+04
5.403959999999999582e+02 6.335300000000000000e+04
5.400480000000000018e+02 6.342900000000000000e+04
5.397010000000000218e+02 6.334000000000000000e+04
5.393540000000000418e+02 6.329200000000000000e+04
5.390080000000000382e+02 6.341200000000000000e+04
5.386620000000000346e+02 6.339100000000000000e+04
5.383160000000000309e+02 6.338100000000000000e+04
5.379710000000000036e+02 6.334700000000000000e+04
5.376259999999999764e+02 6.326500000000000000e+04
5.372820000000000391e+02 6.331100000000000000e+04
5.369379999999999882e+02 6.337600000000000000e+04
5.365950000000000273e+02 6.334000000000000000e+04
5.362519999999999527e+02 6.335500000000000000e+04
5.359099999999999682e+02 6.333400000000000000e+04
5.355679999999999836e+02 6.329700000000000000e+04
5.352259999999999991e+02 6.317200000000000000e+04
5.348849999999999909e+02 6.325600000000000000e+04
5.345439999999999827e+02 6.315700000000000000e+04
5.342039999999999509e+02 6.380400000000000000e+04
